95,102,102,31,31,31,31,31,31,31,31,31,31,31,31,31,31,31,31,31,31,31,31,31,31,31,31,31,31,31,8,8,8,8,1,1,8,1,1,1,1,1,52,52,52,52,75,52,52,52,52,52,52,11,1,1,1,1,11,1,1,1,79,79,1,94,94,1,1,1,1,92,91,91,91,91,91,91,91,1,1,1,1,34,34,1,1,95,95,95,95,95,95,95,95,95,95,95,95,95,
95,108,66,66,66,31,31,31,31,31,31,31,31,31,31,31,31,31,31,31,31,31,31,31,31,31,31,31,31,31,8,8,31,31,1,1,1,1,1,1,1,1,52,52,52,52,75,75,52,52,52,52,52,1,1,1,1,1,1,1,1,1,1,1,1,1,1,1,1,1,1,1,91,91,91,91,91,91,91,1,1,1,1,103,103,1,1,95,95,95,95,95,95,95,95,95,95,95,95,95,
95,95,66,66,66,66,66,82,31,31,31,31,31,31,31,31,31,31,31,31,31,31,31,31,31,31,31,31,31,31,31,31,31,1,1,1,1,1,1,1,1,52,52,52,52,52,75,52,52,52,52,52,1,1,1,1,1,1,1,1,1,1,1,1,1,1,1,1,1,1,1,1,1,91,91,91,91,91,91,1,1,1,1,1,1,1,1,1,95,95,95,95,95,95,95,95,95,95,95,95,
95,95,66,66,66,82,82,82,82,82,82,31,82,31,31,31,31,31,31,31,31,31,31,31,31,31,31,31,31,31,31,1,1,1,1,1,1,1,1,1,1,1,52,52,52,52,52,52,52,52,52,1,1,1,1,1,1,1,1,1,1,1,1,1,1,1,1,1,1,1,1,1,91,91,91,91,91,1,1,1,1,1,1,1,1,1,1,1,95,95,95,95,95,95,95,95,95,95,95,95,
95,95,66,66,66,82,82,82,82,82,82,82,82,31,31,31,31,31,31,31,31,31,31,31,31,31,31,31,31,31,31,31,1,1,1,1,1,1,1,1,1,1,1,1,52,52,52,52,52,52,52,1,1,1,1,1,1,1,1,1,1,1,1,1,1,1,1,1,1,1,1,1,1,1,1,1,1,1,1,1,1,1,1,1,1,1,1,1,95,95,95,95,95,95,95,95,95,95,95,95,
66,66,66,66,66,66,82,82,82,82,82,82,82,82,82,82,82,31,31,31,31,31,31,31,31,31,31,31,31,31,31,31,31,1,1,1,1,1,1,1,1,1,1,1,52,52,52,52,52,52,1,1,1,1,1,1,1,73,73,1,1,1,1,1,1,1,1,1,1,1,1,1,1,1,1,1,1,1,1,1,1,1,1,1,1,1,1,1,1,95,95,95,95,95,95,95,95,95,95,95,
66,66,66,66,66,66,82,82,82,82,82,82,82,82,82,82,82,82,31,31,31,31,31,31,31,31,31,31,31,31,31,31,31,1,1,1,1,1,1,1,1,1,1,1,61,61,52,52,52,1,1,1,1,1,1,1,1,1,1,1,1,1,1,1,1,1,1,1,1,1,1,1,1,1,1,1,1,1,1,1,1,1,1,1,1,1,1,1,95,95,95,95,95,95,95,95,95,95,95,66,
66,66,66,66,66,66,66,82,82,82,82,82,82,82,82,82,82,82,82,31,31,31,31,31,31,31,31,31,31,31,31,31,31,1,1,1,1,1,1,1,1,1,1,1,1,1,52,52,52,52,1,1,1,1,1,1,1,1,1,1,1,1,1,1,1,1,1,1,1,1,1,1,1,1,1,1,1,1,1,1,1,1,1,1,1,1,1,1,95,95,95,95,95,95,95,95,66,66,66,66,
66,66,66,66,66,66,66,66,82,82,82,82,82,82,82,82,82,82,82,31,31,31,31,31,31,31,31,31,31,31,31,31,31,31,1,1,1,1,1,1,1,1,1,1,1,1,52,52,52,52,1,1,1,1,1,1,1,1,1,1,1,1,1,1,1,1,1,1,1,1,1,1,1,1,1,1,1,1,1,1,1,1,1,1,1,1,1,1,95,95,95,95,95,95,95,95,66,66,66,66,
66,66,66,66,66,100,82,82,82,82,82,82,82,82,82,82,82,82,82,82,31,31,31,31,31,31,31,31,31,31,31,31,68,1,1,1,1,1,1,1,1,1,1,1,1,1,1,52,1,1,1,1,1,1,1,1,1,1,1,1,1,1,1,1,1,1,1,1,1,1,1,1,1,1,1,1,1,1,1,1,1,1,1,1,1,1,1,95,95,95,95,95,67,67,67,67,67,66,66,66,
66,66,66,66,66,100,104,98,98,98,82,82,82,82,82,82,82,82,82,31,31,31,31,31,31,31,31,31,31,31,31,31,68,1,1,1,1,1,1,1,1,1,1,1,1,1,1,1,1,1,1,1,1,1,63,1,1,1,1,1,1,1,1,1,1,1,1,1,1,1,1,1,1,1,1,1,1,1,1,1,1,1,1,1,1,1,1,1,1,1,97,67,67,67,66,66,66,66,66,66,
66,66,66,66,66,66,104,98,98,98,82,82,82,82,82,82,82,82,82,82,31,31,31,31,31,31,31,31,31,31,31,31,31,1,1,1,1,1,1,1,1,1,1,1,1,1,1,1,1,1,1,1,1,1,1,1,1,1,1,1,1,1,1,1,1,1,1,1,1,1,1,1,1,1,1,1,1,1,1,1,1,1,1,1,1,1,1,1,67,67,97,67,67,67,67,67,66,66,66,66,
66,66,66,66,66,66,66,96,66,82,82,82,82,82,93,82,82,82,82,31,31,31,31,31,31,31,31,31,31,31,31,31,31,40,1,1,1,1,1,1,1,1,1,1,1,1,1,1,1,1,1,1,1,1,1,1,1,1,1,1,1,1,1,1,1,1,1,1,1,1,1,1,1,1,1,1,1,1,1,1,1,1,1,1,1,1,1,1,67,67,67,67,67,67,67,66,66,66,66,66,
66,66,66,66,66,66,66,96,66,66,66,31,31,31,31,31,31,31,82,31,31,31,31,31,31,31,31,31,31,31,31,31,31,40,1,1,1,1,1,1,1,1,1,1,1,1,1,1,1,1,1,1,1,1,1,1,1,1,1,1,1,1,1,1,1,1,1,1,1,1,1,1,1,1,1,1,1,1,1,1,1,1,1,1,1,1,1,67,67,67,67,67,67,67,67,66,66,66,66,66,
66,66,66,66,66,66,66,96,66,66,66,31,31,31,31,31,31,31,31,31,31,31,31,31,31,31,31,31,31,31,31,31,40,40,40,40,1,1,1,1,1,1,1,1,1,1,1,1,1,1,1,1,1,1,1,1,1,1,1,1,1,1,1,1,1,1,1,1,1,1,1,1,1,1,1,1,1,1,1,1,1,1,1,1,1,1,1,67,67,67,67,67,67,67,67,67,67,67,67,66,
66,66,66,66,66,66,66,66,66,66,66,66,31,31,31,31,31,31,31,31,31,31,31,31,31,31,31,31,31,31,31,31,40,40,40,40,40,1,1,1,1,1,1,1,1,1,1,1,1,1,1,1,1,1,1,1,1,1,1,1,1,1,1,1,1,1,1,1,1,1,1,1,1,1,1,1,1,1,1,1,1,1,1,1,1,1,1,67,67,67,67,67,67,67,67,67,67,67,67,66,
66,66,66,66,66,66,66,66,66,66,66,66,66,31,31,31,31,31,31,31,31,31,31,31,31,31,31,31,31,31,31,31,40,40,40,40,40,40,1,1,1,1,1,1,1,1,1,1,1,1,1,1,1,1,1,49,1,1,1,1,1,1,1,1,1,1,1,1,1,1,1,1,1,1,1,1,1,1,1,1,1,1,1,1,1,1,1,67,67,67,67,67,67,67,67,67,67,67,67,66,
66,66,66,66,66,66,66,66,66,66,66,66,66,31,31,31,31,31,31,31,31,31,31,31,31,31,31,31,31,31,31,31,40,40,40,40,40,40,1,1,1,1,1,1,1,1,1,1,1,1,1,1,1,1,1,49,1,1,1,1,1,1,1,1,1,1,1,1,1,1,1,1,1,1,1,1,1,1,1,1,1,1,1,1,67,67,67,67,67,67,67,67,67,67,67,67,67,67,67,66,
66,66,66,66,66,66,66,66,66,66,66,66,66,66,31,31,31,31,31,31,31,31,31,31,31,31,31,31,31,31,31,31,40,40,40,40,40,1,1,1,1,1,1,1,1,1,1,1,1,1,1,1,1,1,1,1,1,1,1,1,1,1,1,1,1,1,1,1,1,1,1,1,1,1,1,1,1,1,1,1,1,1,1,1,1,67,67,67,67,67,67,67,67,67,67,67,67,67,66,66,
66,66,66,66,66,66,66,66,66,66,66,66,66,66,66,66,31,35,31,31,31,31,31,31,31,31,31,31,31,31,31,31,40,40,40,40,40,1,1,1,1,1,1,1,1,1,1,1,1,1,1,1,1,1,1,1,1,1,1,1,1,1,1,1,1,1,1,1,1,1,1,1,1,1,1,1,1,1,1,1,1,1,1,1,1,67,67,67,67,67,67,67,67,67,67,67,67,67,67,66,
66,66,66,66,66,66,66,66,66,66,66,90,90,66,66,66,35,35,35,35,35,31,31,31,31,31,31,31,31,31,31,31,31,40,40,40,40,1,1,1,1,1,1,1,1,1,1,1,1,1,1,1,1,1,1,1,1,1,1,1,1,1,1,1,1,1,1,1,1,1,1,1,1,1,1,1,1,1,1,1,1,1,1,1,1,67,67,67,67,67,67,67,67,67,67,67,67,67,67,66,
66,66,66,66,66,66,66,66,66,66,66,66,66,66,66,66,35,35,35,35,35,31,31,31,31,31,1,1,1,31,31,31,31,31,40,40,40,1,1,1,16,16,16,1,1,30,1,1,1,1,1,1,1,1,26,1,1,1,1,1,1,1,1,1,1,1,1,1,1,1,1,1,1,1,1,1,1,1,71,54,54,54,1,1,1,67,67,67,67,67,67,67,67,67,67,67,67,67,67,67,
67,66,66,66,66,66,66,66,66,66,66,66,66,66,66,66,66,35,35,35,35,1,31,31,31,1,1,1,1,31,31,31,31,31,1,1,1,1,1,1,16,16,16,1,1,1,1,1,1,1,1,1,1,1,26,1,1,1,1,1,1,1,1,1,1,1,1,1,1,1,1,1,1,1,1,1,1,1,71,54,62,1,1,1,1,67,67,67,67,67,67,67,67,67,67,67,67,67,67,67,
20,20,66,66,66,66,66,66,66,66,66,66,66,66,66,66,66,35,35,35,35,1,1,1,1,1,1,1,1,1,1,31,31,31,31,31,1,1,1,16,16,16,1,1,1,1,1,1,1,1,1,1,1,1,26,1,1,1,1,1,1,1,1,1,1,1,1,1,1,1,1,1,1,1,1,1,1,1,1,54,62,62,1,1,1,67,67,67,67,67,67,67,67,67,67,67,67,67,67,67,
67,20,20,66,66,66,66,66,77,35,35,66,35,66,66,35,35,35,35,35,35,35,53,53,1,1,1,1,1,1,1,31,31,31,31,31,1,1,1,1,16,16,16,1,1,1,1,1,1,1,1,1,1,1,1,1,1,1,1,1,1,1,1,1,1,1,1,1,1,1,1,1,1,1,1,1,1,1,54,54,62,62,1,1,1,67,67,67,67,67,67,67,67,67,67,67,67,1,67,67,
20,20,20,20,66,66,66,77,77,35,35,35,35,35,35,35,35,35,35,35,35,35,53,1,1,1,1,1,1,1,1,1,1,31,1,1,1,1,1,1,1,16,16,1,1,1,1,1,1,1,1,1,1,1,1,1,1,1,1,1,1,1,1,1,1,1,1,1,1,1,1,1,1,1,1,47,47,1,1,54,62,62,1,1,1,1,1,1,1,1,1,1,1,1,1,1,1,1,1,20,
20,20,20,20,20,20,20,77,77,77,35,35,35,35,35,69,69,69,35,35,35,35,35,35,1,1,1,1,1,1,1,1,1,1,1,1,1,1,1,1,1,1,1,1,1,1,1,1,1,1,1,1,1,1,1,1,1,1,1,1,1,1,1,1,1,1,1,1,1,1,1,1,1,1,1,47,47,47,1,54,54,1,1,1,1,1,1,1,1,1,1,1,1,1,1,1,1,1,1,20,
20,20,20,20,20,20,20,20,77,77,35,35,35,35,35,35,35,35,35,35,35,35,35,1,1,1,1,1,1,1,1,1,1,1,1,1,1,1,1,1,1,1,1,1,1,1,1,1,1,1,1,1,1,1,1,1,1,1,1,1,1,1,1,1,1,1,21,1,1,1,43,1,1,21,21,47,47,47,1,1,54,1,1,1,1,1,1,1,1,1,1,1,1,1,1,1,1,1,20,20,
20,20,20,20,20,20,20,20,77,77,77,35,35,35,35,35,35,35,35,35,35,35,35,35,1,1,1,1,1,1,1,1,1,1,1,1,1,1,1,1,1,1,1,1,1,1,1,1,1,1,1,1,1,1,1,1,1,1,1,1,1,1,1,1,1,1,21,21,21,21,21,21,21,21,47,47,47,47,1,1,1,1,1,1,1,64,1,1,1,1,1,1,1,1,1,1,1,1,20,20,
20,20,20,20,20,20,20,20,77,77,77,35,35,35,35,35,35,35,35,35,35,35,35,35,1,1,1,1,1,1,1,1,1,1,1,1,1,1,1,1,1,1,1,1,1,1,1,1,1,1,1,1,1,1,1,1,1,1,1,1,1,1,1,1,1,1,21,21,21,21,21,21,21,21,47,47,1,1,1,1,1,1,1,1,1,1,1,1,1,1,1,1,1,1,1,1,1,1,20,20,
20,20,20,20,20,20,20,20,20,20,35,35,35,35,35,35,35,35,35,35,35,35,35,35,35,35,35,1,1,1,1,1,1,1,1,1,1,1,1,1,1,1,1,1,1,1,1,1,1,1,1,1,1,1,1,1,1,1,1,1,1,1,1,1,21,21,21,21,21,21,21,21,21,1,1,1,1,1,1,1,1,1,1,1,1,1,1,1,1,1,1,1,1,1,1,1,1,1,20,20,
20,20,20,20,20,20,20,20,20,20,20,35,35,35,35,35,35,1,1,1,35,1,1,1,1,1,1,1,1,1,1,1,1,1,1,1,1,1,1,1,1,1,1,1,1,1,1,1,1,1,1,1,1,1,1,1,10,1,1,1,1,1,1,1,21,21,21,21,21,21,21,21,21,1,1,1,1,1,1,1,1,1,1,1,1,1,1,1,1,1,1,1,1,1,1,1,1,20,20,20,
20,20,20,20,20,20,20,20,20,20,20,35,35,35,20,20,20,1,1,1,1,1,1,1,1,1,1,1,1,1,1,1,1,1,1,1,1,1,1,1,1,1,1,1,1,1,1,1,1,1,1,1,1,1,1,1,1,1,1,1,1,1,1,1,1,1,1,21,1,1,1,1,21,1,1,1,1,1,1,1,1,1,1,1,1,1,1,1,1,1,1,1,1,1,1,1,1,1,20,20,
20,20,86,20,20,20,20,20,20,20,20,20,20,20,20,20,20,20,1,1,1,1,1,1,1,1,1,1,1,1,1,1,1,1,1,1,1,1,1,1,1,1,1,1,1,1,1,1,1,1,1,1,1,1,1,1,1,1,1,1,1,1,1,1,1,1,1,1,1,1,1,1,1,1,1,1,1,1,1,1,1,1,1,1,1,1,1,1,1,1,1,1,1,1,1,1,20,1,20,20,
20,20,20,20,20,20,20,20,20,20,20,20,20,20,20,20,20,20,1,1,1,1,1,1,1,1,1,1,1,1,1,1,1,1,1,1,1,1,1,1,1,1,1,1,1,1,1,1,1,1,1,1,1,1,1,1,1,1,1,1,1,1,1,1,1,1,1,1,1,1,1,1,1,1,1,1,1,1,1,1,1,1,1,1,1,1,1,1,1,1,1,1,1,1,1,20,20,1,20,20,
20,20,20,20,20,20,20,20,20,20,20,20,20,20,20,20,20,20,20,1,1,1,1,1,1,1,1,1,1,1,1,1,1,1,1,1,1,1,1,1,1,1,1,1,1,1,1,1,1,1,1,1,1,1,1,1,1,1,1,1,1,1,1,1,1,1,1,1,1,1,1,1,1,1,1,1,1,1,1,1,1,1,1,1,1,1,1,1,1,1,1,1,1,1,1,1,20,20,20,20,
20,20,20,20,20,20,20,20,20,20,20,20,20,20,20,20,20,20,20,20,1,1,1,1,1,1,1,1,1,1,1,1,1,1,1,1,1,1,1,1,1,1,1,1,1,1,1,1,1,1,1,1,1,1,1,1,1,1,1,1,1,1,1,1,1,1,1,1,1,1,1,1,1,1,1,1,1,1,1,1,1,1,1,1,1,1,1,1,1,1,1,1,1,1,1,1,20,20,20,20,
20,20,20,20,20,20,20,20,20,20,20,20,20,20,20,20,20,20,20,20,20,1,5,5,1,5,5,5,1,1,1,1,1,1,1,1,1,1,1,1,1,1,1,1,1,1,1,1,1,1,1,1,1,1,1,1,1,1,1,1,1,1,1,1,1,1,1,1,1,1,1,1,1,1,1,1,1,1,1,1,1,1,1,1,1,1,1,1,1,1,1,1,1,1,1,20,20,20,20,20,
20,20,20,20,20,20,20,20,20,20,20,20,20,20,20,20,20,20,20,20,20,5,5,5,5,5,5,5,5,5,1,1,1,1,1,1,1,1,1,1,1,1,1,1,1,1,1,1,1,1,1,1,1,1,1,1,1,1,1,1,1,1,1,1,1,1,1,1,1,1,1,1,1,1,1,1,1,1,1,1,1,1,1,1,1,1,1,1,1,1,1,1,1,1,20,20,20,20,20,20,
20,20,20,20,20,20,20,20,20,20,20,20,20,20,20,20,20,20,20,20,20,46,5,5,5,5,5,5,5,5,1,1,1,1,1,1,1,1,1,1,1,1,1,1,1,1,1,1,1,1,1,1,1,1,1,1,1,1,1,1,1,1,1,1,1,1,1,1,1,1,1,1,1,1,1,1,1,1,1,1,1,1,1,1,1,1,1,1,1,1,1,1,1,1,1,20,20,20,20,20,
20,20,20,20,20,20,20,20,20,20,20,20,20,20,20,20,20,20,20,20,20,20,5,5,5,5,5,5,5,5,1,1,1,1,1,1,1,1,1,1,1,1,1,4,1,1,1,1,1,1,1,1,1,1,1,1,1,1,1,1,1,1,1,1,1,1,1,1,1,1,1,1,1,1,1,1,1,1,1,1,1,1,1,1,1,1,1,1,1,1,1,1,1,1,1,1,1,20,20,20,
20,20,20,20,20,20,20,20,20,44,20,20,20,20,20,20,20,20,20,20,20,20,5,5,5,5,5,5,5,5,5,1,1,1,1,1,1,1,1,1,1,1,1,1,1,1,1,1,1,1,1,1,1,1,1,1,1,1,1,1,1,1,1,1,1,1,1,1,1,1,1,1,1,1,1,1,1,1,1,1,1,1,1,1,1,1,1,1,1,1,1,1,1,1,1,1,1,1,20,20,
20,20,20,20,20,20,20,20,20,44,44,20,20,20,20,20,20,20,20,20,20,20,5,5,5,5,5,5,5,5,5,1,1,1,1,1,1,1,1,1,1,1,1,1,1,1,1,1,1,1,1,1,1,1,1,3,3,1,1,1,1,1,1,1,1,1,1,1,1,1,1,1,1,1,1,1,1,1,1,1,1,1,1,1,1,1,1,1,1,1,1,1,1,1,1,1,1,1,20,20,
20,20,20,58,58,20,20,20,20,20,20,20,20,20,20,20,20,20,20,20,20,5,5,5,5,5,5,5,5,5,5,1,1,1,1,1,1,1,1,1,1,1,1,1,1,1,1,1,1,1,1,1,1,1,1,1,3,1,1,1,1,1,1,1,1,1,1,1,1,1,1,1,1,1,1,1,1,1,1,1,1,1,1,1,1,1,1,1,1,1,1,1,1,1,1,1,1,20,20,20,
20,20,58,58,58,20,20,20,20,20,20,20,20,20,20,20,20,20,20,20,20,5,5,5,5,5,5,5,5,5,5,1,1,1,1,1,1,1,1,1,1,1,1,1,1,1,1,1,1,1,1,1,1,1,1,1,1,1,1,1,1,1,1,1,1,1,1,1,1,1,1,1,1,1,1,1,1,1,1,1,1,1,1,1,1,1,1,1,1,1,1,1,1,1,1,1,1,20,20,20,
20,20,58,5,55,20,20,20,20,20,20,20,20,20,20,20,20,20,20,20,20,20,20,5,5,5,5,5,5,5,13,1,1,1,1,1,1,1,1,1,1,1,1,1,1,1,1,1,1,1,1,1,1,1,1,1,1,1,1,1,1,1,1,1,1,1,1,1,1,1,1,1,1,1,1,1,1,1,1,1,1,1,1,1,1,1,1,1,1,1,1,1,1,1,1,1,1,20,20,20,
5,5,5,5,55,55,20,5,5,20,20,20,20,20,20,20,20,20,20,20,20,20,20,5,5,5,5,5,5,5,13,5,1,1,1,1,1,1,1,1,1,1,1,1,1,1,1,1,1,1,1,1,1,1,1,1,1,1,1,1,1,1,1,1,1,1,1,1,1,1,1,1,1,1,1,1,1,1,1,1,1,1,1,1,1,1,1,1,1,1,1,1,1,1,1,1,1,1,20,20,
5,5,5,5,20,20,20,20,5,5,20,20,20,20,20,20,20,20,20,20,20,5,20,5,5,5,5,5,5,5,5,5,5,1,1,1,1,1,1,1,1,1,1,1,1,1,1,1,1,1,1,1,1,1,1,1,1,1,1,1,1,1,1,1,1,1,1,1,1,1,1,1,1,1,1,1,1,1,1,1,1,1,1,1,1,1,1,1,1,59,1,1,1,1,1,1,1,24,20,20,
5,5,5,5,5,5,5,5,5,20,20,20,5,5,5,5,20,20,20,5,5,5,5,5,5,5,5,5,5,5,5,5,5,1,1,1,1,1,1,1,1,1,1,1,1,1,1,1,1,1,1,1,1,1,1,1,1,1,1,1,1,1,1,1,7,7,1,1,1,1,1,1,1,1,1,1,1,1,1,1,1,1,41,41,1,1,1,1,1,1,1,1,1,1,1,24,24,24,20,20,
5,5,5,5,5,5,5,5,5,5,5,5,5,5,5,5,5,5,20,5,5,5,5,5,5,5,5,5,5,5,5,5,5,1,1,1,1,1,1,1,1,1,1,1,1,1,1,1,1,1,1,1,1,1,1,1,1,1,1,1,1,1,1,1,1,7,1,1,1,1,1,1,1,1,1,1,1,1,1,1,1,1,1,1,1,1,1,1,1,1,1,24,24,1,1,24,24,24,5,5,
5,5,5,5,5,5,5,5,5,5,5,5,5,5,5,5,5,5,5,5,5,5,5,5,5,5,5,5,5,5,5,5,5,5,1,1,1,1,1,1,1,1,1,1,1,1,1,1,1,1,1,1,1,1,1,1,1,1,1,1,1,1,1,1,1,1,1,1,1,1,1,1,1,1,1,1,1,24,1,1,1,1,1,1,1,1,1,1,1,1,24,24,24,24,24,24,24,5,5,5,
5,5,5,5,5,5,5,5,5,5,5,29,29,29,5,5,5,5,5,5,5,5,5,5,5,5,5,5,5,5,5,5,5,5,5,1,1,1,1,1,1,1,1,1,1,1,1,1,1,1,1,1,1,1,1,1,1,1,1,1,1,1,1,1,1,1,1,1,1,1,1,1,1,1,1,1,24,24,24,24,24,1,1,1,1,1,1,1,1,1,24,24,24,24,24,24,24,24,24,5,
5,5,5,5,5,5,5,5,5,5,5,5,5,5,5,5,5,5,5,5,5,5,5,5,5,5,5,5,5,5,5,5,5,5,5,1,1,1,1,1,1,1,1,1,1,1,1,1,1,1,1,1,1,1,1,1,1,1,1,1,1,1,1,1,1,1,1,1,1,1,1,1,1,1,1,1,1,24,24,24,24,1,24,24,24,24,1,1,1,1,24,24,24,24,24,24,24,24,5,5,
5,5,5,5,5,56,5,5,5,5,5,5,5,5,5,5,5,5,5,5,5,5,5,5,5,5,5,5,5,5,5,5,5,5,5,5,5,1,1,1,1,1,1,1,1,1,1,1,1,1,1,1,1,1,1,1,1,1,1,1,1,1,1,1,1,1,1,1,1,1,1,1,1,1,1,1,1,24,24,24,24,24,24,24,24,24,24,24,24,24,24,24,24,24,24,24,24,24,5,5,
5,5,5,5,5,5,5,5,5,5,5,5,5,5,5,5,5,5,5,5,5,5,5,5,5,5,9,9,5,5,5,5,5,5,5,5,5,1,1,1,1,1,1,1,1,1,1,1,1,1,1,1,1,1,1,1,1,1,1,1,1,1,1,1,1,1,1,1,1,1,1,1,1,1,1,1,1,24,24,24,24,24,24,24,24,24,24,24,24,24,24,24,24,24,24,24,24,24,5,5,
5,5,5,5,5,5,5,5,5,5,5,5,5,5,5,5,5,5,5,5,5,5,5,5,5,5,9,9,5,5,5,5,5,5,5,5,5,1,1,1,1,1,1,1,1,1,2,1,1,1,1,1,1,1,1,1,1,1,1,1,1,1,1,1,1,1,1,1,1,1,1,1,28,1,1,1,24,24,24,24,24,24,24,24,24,24,24,24,24,24,24,24,24,24,24,24,24,24,24,24,
5,5,5,5,5,5,5,5,5,5,5,5,5,5,5,5,5,5,5,5,5,5,5,5,5,15,15,15,5,5,5,5,6,5,5,5,5,1,1,1,1,1,1,1,1,1,2,1,1,1,1,1,1,1,1,1,1,1,1,1,1,1,1,1,1,1,1,1,1,1,1,1,1,1,1,1,24,24,24,24,24,24,24,24,24,24,24,24,24,24,24,24,24,24,24,24,24,24,24,24,
24,5,5,5,5,5,5,5,5,5,5,5,5,5,5,5,5,5,5,5,5,5,5,5,5,15,15,15,14,6,6,6,6,6,5,5,5,1,1,1,1,1,1,1,1,1,1,1,1,1,1,1,1,1,1,1,1,1,1,1,1,1,1,1,1,1,1,1,1,1,1,1,1,1,1,24,24,24,24,24,24,24,24,24,24,24,24,24,24,24,24,24,24,24,24,24,24,24,24,24,
5,5,5,5,5,5,45,45,45,45,5,5,5,5,5,5,5,5,5,5,5,5,5,5,5,5,15,15,15,6,6,6,6,6,5,5,1,1,1,1,1,1,1,1,1,1,1,1,1,1,1,1,1,1,1,1,1,1,1,1,1,1,1,1,1,1,1,18,1,1,1,1,1,1,1,24,24,24,24,24,24,24,24,24,24,24,24,24,24,24,24,24,24,24,24,24,24,24,24,24,
5,5,5,5,5,45,45,45,45,45,5,5,5,5,5,5,5,23,23,5,5,5,5,5,5,5,15,15,15,6,6,6,6,6,6,5,1,1,1,1,1,1,1,1,1,1,1,1,1,1,1,1,1,1,1,1,1,1,1,1,1,1,1,1,1,1,1,18,18,1,1,1,1,1,1,24,24,24,24,24,24,24,24,24,24,24,24,24,24,24,24,24,24,24,24,24,24,24,24,24,
45,45,45,45,45,45,45,45,45,45,5,5,5,5,5,5,5,23,23,5,5,5,5,5,15,15,15,15,15,6,6,6,6,6,1,1,1,1,1,1,1,1,1,1,1,1,1,1,1,1,1,1,1,1,1,1,1,1,1,1,1,1,19,1,1,1,18,18,18,1,1,1,1,1,1,24,24,24,24,24,24,24,24,24,24,24,24,24,24,24,24,24,24,24,24,24,24,24,24,45,
45,45,45,45,45,45,48,45,45,48,5,5,5,5,5,5,5,5,5,5,5,5,5,5,5,15,15,15,15,6,22,1,1,1,1,1,1,1,1,1,1,1,1,1,1,1,1,1,1,1,1,1,1,1,1,1,1,1,1,1,1,1,19,1,1,1,18,18,18,1,1,1,1,1,1,1,24,24,24,24,24,24,51,51,24,24,24,24,24,24,24,24,24,24,24,24,24,24,45,45,
45,45,45,45,5,5,48,48,48,48,5,5,5,5,5,5,5,5,5,5,5,5,5,25,25,15,15,15,1,1,1,1,1,1,1,1,1,1,1,1,1,1,1,1,1,1,1,1,1,1,1,1,1,1,1,1,1,1,1,1,1,1,19,1,1,1,18,18,18,18,18,18,32,18,18,18,24,24,24,24,24,24,51,24,24,24,24,24,24,24,24,24,24,24,24,24,24,72,72,72,
45,45,5,5,5,5,5,5,48,5,5,5,5,5,5,5,5,5,5,5,5,5,5,25,25,15,15,1,1,1,1,1,1,1,1,1,1,1,1,1,1,1,1,1,1,1,1,1,1,1,1,1,1,1,1,1,1,1,1,1,1,1,19,19,19,19,18,18,18,18,18,18,18,18,18,18,18,18,24,24,24,24,24,24,24,24,24,24,24,24,24,24,24,24,24,24,81,72,72,72,
45,45,5,5,5,5,5,5,5,5,5,5,5,5,5,5,5,5,5,5,5,5,5,25,25,1,1,1,1,1,1,1,1,1,1,1,1,1,1,1,1,1,1,1,1,1,1,1,1,1,1,1,1,1,1,1,1,1,1,1,1,1,19,19,19,19,18,18,18,18,18,18,18,18,18,18,18,18,18,24,24,24,24,24,24,24,24,24,24,24,24,24,24,24,72,72,81,72,72,45,
45,45,5,5,5,5,5,5,5,5,5,5,5,5,5,5,5,5,5,5,5,5,25,25,25,25,1,1,1,1,1,1,1,1,1,1,1,1,1,1,1,1,1,1,1,1,1,1,1,1,1,1,1,1,1,1,1,1,1,1,1,19,19,19,33,18,18,18,18,18,18,18,18,18,18,18,18,18,18,18,24,24,24,24,24,24,24,24,24,24,24,24,24,24,72,72,72,72,72,45,
45,5,5,5,5,5,5,5,5,5,5,5,5,5,5,5,5,5,5,5,5,25,25,25,1,1,1,1,1,1,1,1,1,17,17,1,1,1,1,1,1,1,1,1,1,1,1,1,1,1,1,1,1,1,1,12,1,1,1,1,1,1,1,19,18,18,18,18,18,18,18,18,18,18,18,18,18,18,18,18,18,18,18,18,24,24,24,24,24,24,24,24,24,24,72,72,72,85,85,45,
5,5,5,5,5,5,5,5,5,5,5,5,5,5,5,5,5,5,25,25,25,25,25,25,1,1,1,1,1,1,1,1,1,1,17,1,1,1,1,8,1,1,1,1,1,1,1,1,1,1,1,1,1,1,1,1,1,1,1,1,1,1,1,19,19,19,18,18,18,18,18,34,34,18,18,18,18,18,18,18,18,18,18,18,18,24,24,24,24,24,24,24,24,24,72,72,72,85,85,5,
5,5,5,5,5,5,5,5,5,5,5,5,5,50,5,5,5,5,25,25,25,1,1,1,1,1,1,1,1,1,1,1,1,1,1,1,1,8,8,8,1,1,1,11,11,11,11,1,1,1,1,1,1,1,1,1,1,1,1,1,1,1,1,1,1,18,18,18,18,18,18,34,18,18,18,18,18,18,18,18,18,18,18,18,18,18,24,24,24,24,24,24,24,24,72,72,5,5,5,5,
5,5,5,5,5,5,5,5,5,5,5,5,50,50,5,5,5,5,25,25,1,1,1,1,1,1,1,1,1,1,1,1,1,1,1,1,1,8,8,8,1,1,1,1,11,11,11,1,1,1,1,1,1,1,1,1,1,1,1,1,1,1,1,1,1,18,18,18,18,34,34,34,34,18,18,18,18,18,18,18,18,18,18,18,18,18,18,24,24,24,24,24,87,72,72,72,5,5,5,5,
5,5,5,5,5,5,5,5,5,5,5,5,37,37,5,5,5,5,1,1,1,1,1,1,1,1,1,1,1,1,1,1,1,1,1,1,8,8,8,1,1,1,1,1,11,11,11,1,1,1,1,1,1,1,1,1,1,1,1,1,1,1,38,1,1,18,18,18,18,34,34,34,34,34,18,18,18,18,18,18,18,18,18,18,18,18,18,18,80,80,87,87,87,87,72,5,5,5,5,5,
5,5,5,5,5,5,5,5,5,5,5,5,37,37,5,5,5,5,1,1,1,1,1,1,1,1,1,1,1,1,1,1,8,8,8,8,8,8,8,1,1,1,1,1,11,11,11,11,11,11,1,1,1,1,1,1,1,1,1,1,1,1,1,1,1,1,18,34,34,34,34,34,34,34,18,34,34,34,18,18,18,18,18,18,18,18,18,18,80,80,87,87,87,87,5,5,5,5,5,5,
5,5,5,5,5,5,5,5,5,5,5,5,37,37,5,37,37,37,1,1,1,1,1,1,1,1,1,1,1,1,1,1,8,8,8,8,8,8,8,8,1,1,1,1,11,11,11,11,11,11,11,11,11,1,1,1,1,1,1,1,1,1,36,1,1,1,18,34,34,34,34,34,34,34,34,34,34,34,34,34,34,18,18,18,18,18,18,80,80,80,80,80,87,87,87,5,5,5,5,5,
5,5,5,5,5,5,5,5,5,37,37,37,37,37,5,37,37,37,37,37,1,1,1,1,1,1,1,1,1,1,1,27,8,8,8,8,8,8,8,8,1,1,8,8,11,11,11,11,11,11,11,11,11,11,1,1,1,1,1,1,1,1,1,1,1,1,34,34,34,34,34,34,34,34,34,34,34,34,34,34,34,34,34,18,18,18,18,34,80,80,80,80,87,87,87,87,87,5,5,5,
5,5,5,5,37,5,37,5,37,37,37,37,37,37,37,37,37,37,37,37,37,1,1,1,1,1,1,1,8,8,8,27,8,8,8,8,8,8,8,8,8,8,8,11,11,11,11,11,11,11,11,11,11,1,1,1,1,1,1,1,1,1,1,1,1,1,34,34,34,34,34,34,34,34,34,34,34,34,34,34,34,74,34,18,18,18,18,34,80,80,80,34,34,87,87,87,5,5,5,5,
5,5,5,5,37,37,37,37,37,37,37,37,37,37,37,37,37,37,37,37,37,37,37,37,1,1,1,1,8,8,8,8,8,8,8,8,8,8,8,8,8,8,8,11,11,11,11,11,11,11,11,11,11,1,1,1,1,1,1,1,1,1,1,1,1,1,1,42,42,34,34,34,34,34,34,34,34,34,34,34,34,34,34,34,34,84,34,34,34,34,34,34,87,87,87,87,5,5,5,5,
5,5,37,37,37,37,37,37,37,37,37,37,37,37,37,37,37,37,37,37,37,37,37,37,1,1,1,8,8,8,8,8,8,8,8,8,8,8,8,8,8,8,8,8,11,11,11,11,11,11,11,11,11,1,1,1,1,1,1,1,1,1,1,1,1,1,1,1,34,34,34,34,34,34,34,34,34,34,34,34,34,34,34,34,34,84,34,34,34,34,34,34,34,87,87,87,5,5,5,5,
5,37,37,37,37,37,37,37,37,37,37,37,37,37,37,37,37,37,37,37,37,37,37,1,1,1,1,1,8,8,8,8,8,8,8,8,8,8,8,8,8,8,8,8,11,11,11,11,11,11,11,11,11,1,1,1,39,1,1,1,1,1,1,1,1,1,1,1,34,34,34,34,34,34,34,34,34,34,34,34,34,34,34,34,34,34,34,34,34,34,34,34,34,87,87,87,5,5,5,5,
5,37,37,37,37,37,37,37,37,37,37,37,37,37,37,37,37,37,37,37,37,1,1,1,1,1,1,8,8,8,8,8,8,8,8,8,8,8,8,8,8,8,8,8,11,11,11,11,11,11,11,11,11,11,1,39,39,39,39,1,1,1,1,1,1,1,1,1,34,34,34,34,34,34,34,34,34,34,34,34,34,34,34,34,34,34,34,34,34,34,34,34,34,87,87,5,5,5,5,5,
5,37,37,37,37,37,37,37,37,37,37,37,37,37,37,37,37,37,37,37,37,1,1,1,1,1,1,8,8,8,8,8,8,8,8,8,8,8,8,8,8,8,8,11,11,11,11,11,11,11,11,11,11,11,11,11,11,1,1,1,1,1,1,1,1,1,1,1,34,34,34,34,34,34,34,34,34,34,34,34,34,34,34,34,34,34,34,34,34,34,34,34,34,87,87,87,87,87,5,5,
5,37,37,37,37,37,37,37,37,37,37,37,37,37,37,37,37,60,37,37,37,37,1,1,1,1,1,8,8,8,8,8,8,8,8,8,8,8,8,8,8,8,8,11,11,11,11,11,11,11,11,11,11,11,11,11,11,1,1,1,1,1,1,1,1,1,1,1,1,1,1,34,34,34,34,34,34,34,34,34,34,34,34,34,34,34,34,34,34,34,34,34,34,34,87,87,87,5,5,5,
5,37,37,37,37,37,37,37,37,37,37,37,37,37,37,37,37,60,37,37,1,1,1,1,1,1,1,8,8,8,8,8,8,8,8,8,8,8,8,8,8,8,8,11,11,11,11,11,11,11,11,11,11,11,11,11,11,1,1,1,1,1,1,1,1,1,1,1,1,1,1,1,34,70,34,34,34,34,34,34,34,34,34,34,34,34,34,34,34,34,34,34,34,34,34,87,87,87,5,5,
37,37,37,37,37,37,37,37,37,37,37,37,65,37,37,37,37,37,37,37,1,1,1,1,1,1,8,8,8,8,8,8,8,8,8,8,8,8,8,8,8,8,8,8,11,11,11,11,11,11,11,11,11,11,11,11,1,1,1,1,1,1,1,1,1,1,1,1,1,1,1,1,34,34,34,34,34,34,34,34,34,34,34,34,34,34,34,34,34,34,34,34,34,34,34,87,87,87,87,5,
37,37,37,37,37,37,37,37,37,37,37,65,65,65,37,37,37,37,1,1,1,1,1,1,1,1,8,8,8,8,8,8,8,8,8,8,8,8,8,8,8,8,8,8,8,8,11,11,11,11,11,11,11,11,11,11,1,1,1,1,1,1,1,1,1,1,1,1,1,1,1,1,34,34,34,34,34,34,34,34,34,34,34,34,34,34,34,34,34,34,34,34,34,34,34,87,87,87,87,37,
37,37,37,37,37,37,37,37,65,65,65,65,65,65,65,65,37,37,1,1,1,1,1,1,1,1,57,8,8,8,8,8,8,8,8,8,8,8,8,8,8,8,8,8,8,8,11,11,11,11,11,11,11,11,11,11,1,1,1,1,1,1,1,1,1,1,1,1,1,1,1,1,1,34,34,34,34,34,34,34,34,34,34,34,34,34,34,34,34,34,34,34,34,34,34,87,87,87,37,37,
37,37,37,37,37,37,37,37,65,65,65,65,65,65,65,65,65,37,1,1,1,1,1,1,1,57,57,8,8,8,8,8,8,8,8,8,8,8,8,8,8,8,8,8,8,8,8,11,11,11,11,11,11,11,11,11,1,1,1,1,1,1,1,1,1,1,1,1,1,1,1,1,1,34,34,34,34,34,34,34,34,34,34,34,34,34,34,34,34,34,34,34,34,34,34,87,87,87,37,37,
37,37,37,37,37,37,65,65,65,65,65,65,78,78,78,65,65,65,1,1,1,1,1,1,1,8,8,8,8,8,8,8,8,8,8,8,8,8,8,8,8,8,8,8,8,8,8,11,11,11,11,11,11,11,11,11,11,1,1,1,1,1,1,1,1,1,1,1,1,1,1,1,1,34,34,34,34,34,34,34,34,34,89,34,34,34,34,34,34,34,34,34,34,34,34,34,87,87,37,37,
37,37,37,37,65,65,65,65,65,65,65,65,78,78,65,65,65,1,1,1,1,1,1,1,1,8,8,8,8,8,8,8,8,8,8,8,8,8,8,8,8,8,8,8,8,8,8,11,11,11,11,11,11,11,11,11,11,1,1,1,1,1,1,1,1,1,1,1,1,1,1,1,1,1,34,34,34,34,34,34,34,34,89,89,34,34,34,34,34,34,34,34,34,34,34,34,34,37,37,37,
37,37,37,37,65,65,65,65,65,65,65,65,78,78,83,83,65,1,1,1,1,1,8,76,76,8,8,8,8,8,8,8,8,8,8,8,8,8,8,8,8,8,8,8,8,8,8,11,11,11,11,11,11,11,11,11,11,1,1,1,1,1,1,1,1,1,1,1,1,1,1,1,1,1,1,1,34,34,34,34,34,34,89,34,34,34,34,34,34,34,34,34,34,34,34,34,34,37,37,37,
37,37,37,65,65,65,65,65,65,65,83,83,83,83,83,83,83,83,83,1,1,8,8,8,8,8,8,8,8,8,8,8,8,8,8,8,8,8,8,8,8,8,8,8,8,8,8,11,11,11,11,11,11,11,11,11,11,1,1,1,1,1,1,1,1,1,1,1,1,1,1,1,1,1,1,1,1,34,34,34,34,34,34,34,34,34,34,34,34,34,34,34,34,34,34,34,37,37,37,37,
37,37,37,65,65,65,65,65,65,65,83,83,83,83,83,83,83,83,83,83,8,8,8,8,8,8,8,8,8,8,8,8,8,8,8,8,8,8,8,8,8,8,8,8,8,8,8,8,11,11,11,11,11,11,11,11,11,11,1,1,1,1,1,1,1,1,1,1,1,1,1,1,1,1,1,1,1,34,34,34,34,34,34,34,34,34,34,34,34,34,34,34,34,34,34,34,37,37,37,37,
37,37,37,65,65,65,65,65,65,83,83,83,83,83,83,83,83,83,83,8,8,8,8,8,8,8,8,8,8,8,8,8,8,8,8,8,8,8,8,8,8,8,8,8,8,8,8,11,11,11,11,11,11,11,11,11,11,11,11,79,1,1,1,1,1,1,1,1,1,1,1,1,1,1,1,1,1,34,34,34,34,34,34,34,34,34,34,34,101,34,34,34,34,34,34,34,37,37,37,37,
83,83,65,65,65,65,65,65,83,83,83,83,83,83,83,83,83,83,83,8,8,8,8,8,8,8,8,8,8,8,8,8,8,8,8,8,8,8,8,8,8,8,8,8,8,8,8,11,11,11,11,11,11,11,11,11,11,11,11,79,79,1,1,1,1,1,1,1,1,1,1,1,1,1,1,1,1,34,34,34,34,34,34,34,34,34,34,34,34,34,34,34,34,34,34,34,34,37,37,105,
102,83,83,83,83,83,83,83,83,83,83,83,83,83,83,83,83,83,83,8,8,8,8,8,8,8,8,8,8,8,8,8,8,8,8,8,8,8,8,8,8,8,8,8,8,8,11,11,11,11,11,11,11,11,11,11,11,11,11,79,79,1,1,1,1,1,1,1,1,1,1,1,1,1,1,1,1,1,1,1,34,34,34,34,34,34,34,34,34,34,34,34,95,34,34,34,34,37,37,102,
102,102,102,102,83,83,83,83,83,83,83,83,83,83,83,83,83,83,8,8,8,8,8,8,8,8,8,8,8,8,8,8,8,8,8,8,8,8,8,8,8,8,8,8,8,8,11,11,11,11,11,11,11,11,11,11,11,11,79,79,79,79,1,1,1,1,1,1,1,1,1,1,1,1,1,1,1,1,1,1,34,34,34,34,34,34,34,34,34,34,34,34,95,95,34,95,95,37,102,102,
102,102,102,102,83,83,83,99,83,83,83,83,83,83,83,83,83,83,8,8,8,8,8,8,8,8,8,8,8,8,8,8,8,8,8,8,8,8,8,8,8,8,8,8,11,11,11,11,11,11,11,11,11,11,11,11,11,11,79,79,79,79,79,1,1,1,1,1,1,1,1,1,1,1,1,1,1,1,1,34,34,34,34,34,34,34,34,34,34,34,34,34,95,95,95,95,95,102,102,102,
102,102,102,102,83,83,83,99,83,83,83,83,83,83,83,83,83,8,8,8,8,8,8,8,8,8,8,8,8,8,8,8,8,8,8,8,8,8,8,8,8,8,8,8,88,88,11,11,11,11,11,11,11,11,11,11,11,11,79,79,79,79,79,1,1,1,1,1,1,1,1,1,91,1,1,1,1,1,1,34,34,34,34,34,34,34,34,34,34,34,34,34,95,95,95,95,95,102,102,102,
102,102,102,102,83,83,83,99,31,31,83,83,83,83,83,83,83,83,8,31,31,8,8,8,8,8,8,8,8,8,8,8,8,8,8,8,8,8,8,8,8,8,8,52,52,88,52,11,11,11,11,11,11,11,11,11,11,11,79,79,79,79,79,79,1,1,1,1,1,92,92,1,91,1,1,1,1,1,1,1,34,34,34,34,34,34,34,34,34,34,34,107,95,95,95,95,95,102,102,102,
102,102,102,102,83,31,31,31,31,31,83,83,83,83,83,83,31,8,8,31,31,31,31,31,31,8,8,8,8,8,8,8,8,8,8,8,8,8,8,8,8,8,52,52,52,52,52,11,11,52,11,11,11,11,11,11,11,11,11,11,79,79,79,79,1,1,1,1,1,92,92,1,91,91,91,91,91,1,1,1,34,34,34,34,34,34,95,95,34,34,106,95,95,95,95,95,95,102,102,102,
95,102,102,31,31,31,31,31,31,31,31,31,31,31,83,31,31,8,8,31,31,31,31,31,31,31,8,8,31,31,8,8,8,8,8,8,8,8,8,8,8,52,52,52,52,52,52,52,52,52,52,52,11,11,11,11,11,11,11,11,1,79,79,79,79,1,1,1,1,1,92,92,92,91,91,91,91,91,1,1,1,1,34,34,34,1,95,95,95,95,95,95,95,95,95,95,95,95,95,95,
