0,0
0.000608226,26756
0.000503007,2
0.000372998,1
0.000383027,1
0.000296165,1
0.000303167,2
0.000275538,1
0.000231633,25
0.000209492,2
0.000211952,1
0.000256046,1
0.000213466,4
0.000211573,7
0.000198705,4
0.000190189,1
0.00019984,3
0.000157639,3
0.000153287,1102
0.000219332,15
0.000158964,14
0.00015499,3
0.000249801,161
0.000147988,1
0.000181673,7
0.000156125,1
0.00015253,108
0.000183944,357
0.000153665,1
0.000131713,1
0.000102191,5
0.00015253,442
0.000121115,5
0.00014988,7
0.000135119,15
9.93525e-05,14
0.000109004,1
0.000133038,7
0.000186972,1
0.00016237,2
0.000136255,1
0.000170697,1
0.000111275,1
0.000130199,14
0.000158207,46
0.000127739,1
0.000191514,4
0.000133416,4
0.000163506,1
0.00022255,2
8.51593e-05,11
0.000106165,2
7.8725e-05,1
9.02688e-05,1
0.000132848,44
0.000114492,1
0.000105976,1
0.000151016,1
8.78087e-05,16
0.000111653,39
9.08366e-05,2
0.00015007,3
0.000175996,89
0.000166912,6
9.68923e-05,38
0.000110707,1
8.74302e-05,14
0.000126793,2
3.86055e-05,1
0.00011752,8
0.000119223,1
0.000120926,58
8.17529e-05,1
0.000110518,1
0.000112032,17677
0.000127739,11
0.000100677,1
0.000131145,5
8.85656e-05,1
0.000104651,10
0.000136255,2
9.1972e-05,10
0.000124143,1
0.000188486,1
6.35856e-05,1
9.65138e-05,118493
9.76493e-05,2
4.93924e-05,1
8.32668e-05,16
0.000151584,42
5.10956e-05,237
6.88844e-05,1
8.70517e-05,544
7.03983e-05,1
5.33665e-05,36
0.000143825,1
7.26692e-05,2
0.000146852,5
9.2729e-05,4
1.8735e-05,11
9.46214e-05,2
5.73406e-05,126
0.000115817,1223
7.7968e-05,3
9.84063e-05,1
0.000119223,9
0.000140418,1
8.09959e-05,1
0.000102191,1
8.25099e-05,361
4.16334e-05,20111
0.00010503,66945
4.23904e-05,25
6.41533e-05,32
2.15737e-05,7
2.17629e-05,2
0.000153665,1
0.000132848,1
0.000133984,62
9.00796e-05,2
6.81274e-05,37
6.86951e-05,1
6.92629e-05,1
4.65537e-05,1633
0.000140797,2
9.46214e-05,3
9.53784e-05,1
9.61354e-05,2
0.000169562,7
0.000122062,374
7.38047e-05,49
9.91632e-05,4
0.0001249,46
0.000151016,2879
7.60756e-05,3
0.000102191,3
7.72111e-05,1
2.59263e-05,1932
7.83465e-05,30
5.26095e-05,71
0.000105976,1
0.000133416,6
8.06174e-05,400
0.000108247,1
2.7251e-05,8
0.000192081,5
5.52589e-05,1
2.78187e-05,2
0.000112032,2
0,1885
8.51593e-05,10
2.85757e-05,1
5.75298e-05,4458
0.000173725,15
0.00017486,2
2.93326e-05,1
2.95219e-05,13
2.97111e-05,7
0.000119601,2
0.000150448,1
3.02789e-05,8
0.000121872,1
3.06573e-05,2
0,3
6.20716e-05,1
0,4
0,58
3.16036e-05,680
6.35856e-05,1
6.39641e-05,8
6.43426e-05,9
0.000258884,8
3.25498e-05,3
9.8217e-05,2
6.58565e-05,1
6.6235e-05,32958
9.99202e-05,2
0.000234472,1
3.36852e-05,6
0,8
0.000102191,236
0.000171265,1
6.88844e-05,47
6.92629e-05,2
3.48207e-05,1
0.00021006,59
3.51992e-05,3
0.000106165,1
7.11553e-05,7
7.15338e-05,1
7.19123e-05,3
3.61454e-05,1
7.26692e-05,1
7.30477e-05,20
3.67131e-05,17
0.000295219,71
0.000111275,622
0.000111843,2
0,1
3.76593e-05,121
3.78486e-05,3
7.60756e-05,1
7.64541e-05,1
3.84163e-05,2
0,11
3.87948e-05,1
0.000116952,1
0,2
3.93625e-05,2
0.000158207,2
7.9482e-05,10
0.000119791,2
0.000120358,39117
0,10
4.0498e-05,3
0.000122062,21
0,3
8.21314e-05,19
0.00016502,19
8.28884e-05,2
4.16334e-05,2
0,2
0,1
8.44023e-05,39
8.47808e-05,2
8.51593e-05,1337
8.55378e-05,2
8.59162e-05,2
8.62947e-05,6
4.33366e-05,193
0,2
4.37151e-05,24
0,1
0.000132281,1
4.42828e-05,2
0,3
0.000133984,1
4.48506e-05,1
4.50398e-05,42
0.000135687,1
4.54183e-05,19
0.000136823,1
9.15935e-05,1
4.5986e-05,1
4.61753e-05,8
9.2729e-05,1
4.65537e-05,4
0,1
0,126805
4.71215e-05,13
4.73107e-05,115838
0.0001425,1
0.000143068,956
0,1
9.61354e-05,6
0,419
9.68923e-05,314951
0,1
0.000195299,2
0,55
0,2
4.93924e-05,2
0.000148745,736
0,4
4.99601e-05,1
5.01494e-05,593
0,2
0.000101056,3
5.07171e-05,6
0.000101813,2
0.000204382,11
5.12848e-05,63
5.14741e-05,8
0.000103327,3
0.000155558,4
0.000104084,2
0.000104462,27
0.000104841,7
0,3
0.000158396,1
0,593
5.31772e-05,9
0,193
0,35
0.00010749,574
0.000107868,27
0.00016237,252
5.43127e-05,588
0,3
5.46912e-05,58
5.48804e-05,5
5.50697e-05,1
5.52589e-05,12
0,1
0.00022255,4
0.000223307,1
0.000168048,4
5.62051e-05,1
5.63944e-05,2
0.000113167,2
0,1
0.000113924,2
0,12
5.73406e-05,96060
5.75298e-05,4
5.77191e-05,11
0,29506
0,26
0,2
0.000116952,1
5.86653e-05,1
5.88545e-05,2
0,92
5.9233e-05,1
5.94222e-05,2
5.96115e-05,2
0,22
5.999e-05,2
0.000180538,944
0,1
6.05577e-05,18
0.000121494,1
6.09362e-05,754
0.000122251,10
0,3
0.000123008,41
6.16932e-05,1
6.18824e-05,1
0,127
0,1
0.0001249,2
0,22
6.28286e-05,7
6.30179e-05,2
6.32071e-05,1
0,3
6.35856e-05,1
6.37748e-05,38
6.39641e-05,2
0,1
0,3
0,5
0,3
0,171
6.50995e-05,20
0,1
0,4
0,1
0,3
6.60457e-05,65
6.6235e-05,2
0,2
0,2
6.68027e-05,9
0.000133984,20
6.71812e-05,7
0.000134741,1
0.000135119,3
6.77489e-05,6
6.79382e-05,4
0,73
0.000136633,15
6.85059e-05,29392
6.86951e-05,39
6.88844e-05,1
0,1
0.000138526,5235
0,1
0,2
0,14
0.00014004,1
0,1
7.03983e-05,51
7.05876e-05,1
7.07768e-05,1525
7.09661e-05,5
0,6
0,5
0.000143068,5
0,2880
0,11
7.21015e-05,1
0,612
7.248e-05,3
0,19
0,11
7.30477e-05,264866
0,2
7.34262e-05,118
0,49447
0,6
0,1787
0,11
0.000148745,1
0.000149123,2
7.47509e-05,1
0,4274
7.51294e-05,4
0,48823
0,1
0.000151394,5
0,1
0,1
0.000228795,10
7.64541e-05,11
0.000153287,866
0,3
0,1
0.000154422,41
0,4
0,2
0,1
7.7968e-05,1
0,14
0,3
0,1
0.00015745,29
7.89143e-05,2
0,1
7.92927e-05,29330
7.9482e-05,1
0,3
7.98605e-05,65
0,2
0,4
8.04282e-05,2
0,1
0,1
0,2
0,70
0,46
0,1
0,2
8.19421e-05,1
0,1013
8.23206e-05,3
0,1
0,3155
0,2
0,8
0,7
0,1
0.000250936,299
0,2434
0,4
0.000252639,22
0,1
0,1
8.47808e-05,4
0,6
0,1
0,1
0,2
0,11
8.59162e-05,3
8.61055e-05,2
0,180
0,1
0,25
0.000173725,1
8.70517e-05,1
0,26
8.74302e-05,27
8.76194e-05,1
8.78087e-05,310
0,11
0,1
8.83764e-05,3
8.85656e-05,6
8.87549e-05,3
8.89441e-05,2358
0,4
0,3
0,24
0,3
0,4584
0,1
0,9
9.04581e-05,1
0,1
0,2
0,1
9.1215e-05,2
9.14043e-05,1
0.000183187,6
9.17828e-05,5
0,13
0,5
0,3
9.25397e-05,16568
0,6
9.29182e-05,2
9.31075e-05,1
0,2
0,22
0,1
0,1082
9.40537e-05,4
9.42429e-05,2
0,27
0.000473107,131
0,1399
9.49999e-05,5
0,6396
0,1
0,27
0,5
9.59461e-05,2
0,517
0.000192649,1
0,1
0,51
9.68923e-05,29
0,3
0,1
9.74601e-05,558
0,2
9.78385e-05,2
0,1
0,287
0,1
0,8
0,2
9.8974e-05,15
0,8
0,1
9.95417e-05,20
9.9731e-05,2
0,3
0,96
0,18
0,9
0.000100677,1
0.000100866,5
0,3
0,1
0,1802
0.000101623,1
0.000101813,11
0,1
0.000204382,358
0,1
0,23
0,2
0.000102948,6
0,7
0.000103327,2
0.000207032,1
0,5
0,1
0,34
0,2
0,89699
0.000313954,3
0.000209681,1
0,34
0.000210438,33988
0,3
0.000105598,2
0.000211573,24
0,1
0.000106165,95
0,656
0.000106544,6
0,1
0,1
0,2
0,94
0,9
0.000215358,1
0,9
0.000108058,51088
0,15
0.000108436,1
0.000108625,1
0.000108815,1
0.000109004,1
0,4
0,2
0.000219143,1
0.000109761,17
0.00010995,3
0.000110139,1
0.000220657,1
0,1
0,1
0.000110896,7
0.000111086,2
0.000111275,1
0,2
0.000223307,3
0,2
0.000112032,2
0.000336663,13
0.00011241,1
0,1
0.000112789,1
0,1
0,1877
0,2
0.000113546,1
0,2
0.000113924,2
0,2
0,1
0,2
0,2
0,1
0,3
0,1
0,2
0,1
0.000115817,265
0,1
0,3
0,19
0.000116574,1
0.000116763,33
0,18
0,4
0.000117331,11
0,1
0.000235418,25
0.000235797,3
0.000118088,23
0,1
0.000236932,2
0.000118655,1
0,1
0,4
0.000238446,1
0.000358237,8
0,3
0,9
0,2
0,2
0,5625
0.000120548,16
0.000120737,594
0.000241852,2
0,9
0.000121305,1
0,2
0,3
0,4
0,3
0,4
0,1
0,2
0.000122819,1
0,1
0.000123197,2
0,2
0,1
0,5
0.000247908,2
0.000248287,1
0,1
0,3
0.000124711,49
0,2
0.00012509,6
0,15
0,1
0.000125657,3
0,3
0.000126036,2
0,1
0,44
0,81
0.000126793,2
0,3
0.000127171,1
0.00012736,1
0,1
0,1
0,31
0,2
0,2
0,54
0.000128685,4
0,5
0.000258127,3
0,2
0.000129442,76
0,277
0,2
0.00013001,21
0,8
0,2
0,11
0,79
0.000261912,2
0,27
0.000131335,1
0,5
0,6
0,26
0,2553
0,1
0,27
0,394
0.000132848,67
0,33
0,2
0,2
0.000133605,7
0,2
0,67
0,1
0,2
0,2
0.000269482,143
0,1
0,1
0,3
0,185
0,5
0.000135876,482
0,1
0,43
0.000136444,22
0.000136633,18003
0.000136823,46
0.000137012,2
0,1
0,7
0,1
0.000137769,692
0.000137958,206
0.000138147,7
0,1
0,1
0,4
0,292
0,3
0.000139283,2
0,28
0,1
0,5
0,1
0,1
0,1
0,22025
0,14
0.000140986,2
0,1
0.000282729,6
0,16
0.000141743,2
0,1
0.000142121,1
0,2
0.000285,6919
0.000142689,47646
0,2
0,2
0,6
0,1
0,91
0,626
0,31
0.000144203,85
0,2
0,1
0,150
0,7
0.000290299,1
0,1
0.000145528,24
0,132
0,1
0,1
0.000146285,454
0,798
0,2
0,4
0,61
0.000147231,7
0,1
0,2
0,2
0,76
0,1
0,8
0,183
0.000148745,1
0,1
0,1
0,2734
0.000149502,12
0,2
0,11
0,3873
0,2
0,1
0,1
0.000150827,2
0.000151016,5317
0,2
0,2
0,77
0.000151773,3
0,5
0.000456454,192
0,1
0,194
0,1
0,21895
0.000153097,1
0,1
0.000153476,14
0,4
0,2175
0,1
0.000154233,1
0.000154422,18
0,233
0.000154801,10
0.00015499,1
0,2
0,3203
0.000155558,3
0,4
0,2
0,32827
0,1
0,244074
0.000156693,1
0,3
0.000157072,1
0,1517
0,3
0,2
0,1
0,1
0.000158207,7
0,1
0,512
0.000158775,2
0,7
0,1
0.000159342,10
0,2244
0,1
0.00015991,63
0,1
0,1
0,3
0,1451
0,6
0,90
0,1
0,9
0,1
0,1
0.000161992,1
0,1
0,1
0,1
0,21
0,2
0,1
0,1
0,1
0,13
0.000163884,4
0,1
0,1
0,1
0,321
0.000164831,1
0,3
0.000165209,18
0,4
0,45
0,274
0,2
0,4
0,1
0,50
0,20
0,10
0,1
0,3
0,51
0,4
0,2
0,9
0,20
0.000168426,3
0,251
0,2
0,31
0.000338366,38
0,1
0,3
0,4
0.00016994,4
0,1
0,31172
0,262
0,1
0,3
0,3
0,6
0,3
0.000171643,4
0,4
0,14
0,4
0,3
0,2
0.000172779,3
0,4
0,1
0,3085
0.000173536,1
0,64347
0,1
0,122
0,1
0.000174482,17
0,1
0,31
0.00017505,1
0,1
0.000175428,92
0,6
0.000175807,1
0,1
0,158
0,9
0,4
0,1
0,43
0,1
0.000177321,5
0.00017751,1
0,1
0,1
0,1
0.000178267,35
0.000178456,1
0.000178645,6
0.000178834,5
0,1
0,5
0,1
0,4
0,23
0,42
0,2
0,2
0,4
0.000361454,1
0.000180916,1
0.000181105,1
0,30
0,95
0,20
0.000181862,7
0,1
0,4
0,5
0,2
0.000182809,1
0,11
0,48
0,1
0,1
0,1
0,304
0,1
0,27
0,6
0,1
0,1
0,36
0.000185269,2
0,284
0.000185647,1
0.000185836,1
0.000186026,22
0,2
0,23
0.000186593,4
0,2
0,88
0,1
0,36
0,12
0,10
0,4
0,364
0,2
0,5
0,3065
0,12
0,21
0,23
0,2
0,2
0,10
0,1
0,5
0,1
0,1
0,1
0.000381892,492
0,1
0,1
0,393
0.000191703,2
0,16
0,1
0.000576812,2
0,7
0,2
0.000192838,8476
0.000193028,1
0,19
0,4
0.000193595,1
0,7
0,1
0,6
0,5
0.000194542,1
0,48966
0.00019492,1
0,13
0,3
0.000195488,2
0.000195677,1
0,49
0,2
0,209
0,3
0.000196623,2
0,2
0,1
0,4
0,1
0,27114
0,12
0,2
0,1
0,1
0.000397031,1
0,1
0,6
0,381
0,1
0,1
0.000199651,7
0,27
0,1
0,1
0,8
0,19
0,1
0.000200976,2104
0,11
0,1
0,10
0,146
0,1
0,1
0,131
0,4
0,1
0,1
0,1
0,2
0,13
0.000203625,97
0,14
0,3
0,1
0,1
0.000204572,19
0.000204761,17039
0,16
0,60
0,6
0,236
0,13
0,1
0,1
0,1
0,212
0,7
0,29
0,1
0,2
0,17
0,1
0,1
0,1
0,1
0,4
0.000208546,15
0,3842
0,10
0,2
0.000209303,25
0,2
0,15314
0,10
0,45684
0,2
0.000210438,1
0,1
0,6
0,3
0,28
0,7
0,39
0,1
0,2
0,1
0,3
0.00021252,9
0.000212709,1
0.000212898,241
0,2
0,33
0,2912
0,21013
0,1
0,15
0,1
0,53
0.000214601,2
0,7
0,1
0,1
0,12
0.000215548,1
0,2
0,2001
0,2
0,2910
0.000216494,582
0,1
0,1
0.000217062,1
0.000217251,4
0,9
0,378
0,5
0,1
0,2
0,2
0,195
0,3
0,1
0,1
0,1
0.000219522,1
0,1
0,54812
0,1
0,22
0,1
0,46
0,4
0,2
0,3
0,5
0,1
0,1
0.000221982,3
0,21
0,49
0,1
0,57
0,7
0,2
0,1
0,6
0,1
0,44
0,26
0,4
0.000224442,2
0,1
0,1
0,1
0,627
0,1
0,1
0,38
0,2
0.000226145,2
0.000226334,4
0,6
0,2
0,3
0,12
0,3
0,6
0,23
0,1
0,45
0,3
0,1
0,1
0.000228795,1
0,9
0,3
0,77
0,2
0,2
0,211
0,2
0,12
0,1
0,12
0,1
0,1
0,3
0.000231444,4
0,1
0,6
0,721
0,71
0,57
0,1
0.000232769,1
0,4
0,3
0,2
0,2
0,1
0,7
0,1
0,1
0,17
0.000234661,1
0.000469701,138163
0,4
0,38
0,559
0,25
0,2
0,4
0.000236175,1
0,4
0,4
0,1
0,1
0.000237121,4
0.000237311,40262
0.0002375,1
0,4
0,2
0.000238067,22
0,1
0,8
0,1
0,1
0,1
0,6
0,21
0,17
0,4
0,3
0,2
0,2
0,1
0,13655
0,1
0,1
0,6
0,5
0,8762
0,1
0,11
0,35
0,1
0,2
0,13
0,1
0,3
0,145
0,2
0,29
0,2
0,540
0,19
0,1
0,1
0,30
0,2
0,4
0,4
0,2
0,145
0,1
0,3
0,1
0,27
0,2
0.000246962,1
0,142
0,23
0,126
0,45620
0,7
0.000248097,4
0,2
0,191
0,1
0,2
0,2
0,4
0,4044
0,108
0,3
0,18733
0,2
0,1
0,45
0,1
0,2
0,1
0.000251314,275
0,2
0,2
0.000251882,1
0.000252071,1
0,1
0,4
0,2
0,2
0.000253018,1
0,75
0.000253396,2
0,15
0,445
0,47
0,1
0,13
0,1
0,1
0,1
0,2
0,2
0,19
0,1
0,10
0,1
0,8
0,2
0,51
0,2
0,8
0,14
0,1
0,1
0,1
0,1
0,4
0,4
0,1886
0,2
0,1
0,25
0,2
0,1
0,2
0,6
0,48
0,1
0,1
0,1
0,7
0,1
0,1
0,2
0,13
0,5
0.000261912,95
0,3
0,1
0,98
0,1
0,1
0.000263048,2621
0,7
0,1
0,40
0,15
0,15
0,1
0,49
0,42950
0.000264751,3
0,1
0,13
0,1
0,873
0,1
0.000265886,3743
0,1
0.000266265,3
0,13353
0,80
0,19
0,52
0,1
0,11
0,2
0,48
0,1
0,1
0,133
0,4
0,983
0,2
0,1
0,416
0,1
0,6
0,2
0,15
0,4
0,1
0,1
0.000270806,5
0,1
0,1
0,4
0,3
0,1
0,4
0,1
0,3
0,20
0,3
0,1
0,1
0,29
0,1
0,2
0,2
0,2
0,57
0.000274402,19
0.000274591,26
0,5
0,1
0.000275159,4
0,22
0,10
0.000275727,1
0,1
0,1
0,5
0,2
0,2
0,3
0,10
0,1
0,405
0,3
0,9
0,27
0,3
0.000278376,2
0,3
0,4
0.000278944,5
0,1
0,14
0,1
0,34
0,14
0.000280079,92
0,9219
0,4
0,21
0,83
0,1
0.00056243,2
0,5
0,17
0,1
0,102
0,6
0,138
0,1
0,2
0,16
0,5
0,21
0,5
0,1
0,4
0,1016
0,395
0,1940
0,2
0,4
0.000285,2
0.000285189,2
0,1
0,1
0,1
0,5
0,1
0.000286324,5
0,111
0,2
0,50
0.000287081,45
0,10
0,1
0.000287649,40
0,1
0,117
0,66693
0,1
0.000288595,1
0,1
0,211
0,1
0,16415
0,2710
0,1
0.00028992,1
0,3
0,313
0,11
0.000290677,15
0,8
0,1
0,226
0,2
0,5
0,17
0,3
0,1
0,29
0,1
0,4
0,1
0,10
0,2
0,1
0,1
0,2
0,1
0,1
0,25
0,4
0,5
0,1
0,3
0.000295408,10
0,6
0,4
0.000295976,7
0,6
0,1
0,4492
0,1
0,2
0,2
0,1852
0,1
0,2
0,16
0,16
0,1
0,1
0,49
0,39
0,5993
0,1
0,158
0,5
0,20
0,1
0,1
0,1
0,1
0,2
0,1
0,128
0,77
0,31
0,39
0,14
0,9
0,8
0,40661
0,49860
0,3
0,5
0,1
0,7
0.000303546,1
0,11
0,1
0,1
0,4
0,12
0,1
0,4
0,20
0,2
0,24
0,19
0,1
0,1
0,154
0,1
0,2
0,3
0,38
0.000307141,1
0,3
0,135
0,3
0,1
0.000308087,6
0,1
0,79
0,3
0,1
0.000309034,1
0.000309223,28
0,14
0,1
0,1
0,1
0,2
0,1
0,27
0,1
0.000310926,9686
0,3
0,1
0,1
0,2
0.000311872,3
0,2
0,3
0,4
0,1
0,109
0,3
0,408
0,55
0,4
0,15
0,2
0,4
0,3
0,1
0,2724
0,1
0,1
0,1
0,1
0,1
0,3
0,2
0.000316225,18
0,37163
0.000316603,19230
0,1
0.000316982,18095
0,12
0,1
0,2
0,79
0,1
0,46
0,14
0,14
0,3
0,1
0,20
0.000319253,1
0,1
0,43926
0,1
0,56
0,2
0,1
0,1
0,2
0,2
0,13828
0,1
0,2
0,1
0,16
0,1
0,1
0,8
0,12
0,4
0,1
0,937
0,4
0,2
0,2
0.000323984,1331
0,1
0,1
0,2
0,12
0,366
0,2
0,9
0,3
0,20
0,41
0,2
0,5
0,19226
0,1
0,3
0,3
0,11
0,1
0,767
0,20
0,3
0,1
0.000328336,333
0,5
0,1797
0,1
0,3
0,4
0,1
0,5
0,11
0,2
0.000330229,1
0,8
0,1
0,44
0,1
0,2
0,1
0,2
0,6
0,9
0,2
0,17322
0.0003325,2
0,38
0.000332878,2
0,10
0,1
0,14490
0,176
0.000333824,631
0,126
0,5
0,16
0.000334581,2
0,10
0,1
0,2
0,30
0,1
0,62
0,82
0,1
0,1
0,13
0,1
0,1
0,8
0.000337231,1
0,6
0.000337609,1
0,1
0,1
0.000338177,2
0,2
0,7
0,2
0,1
0,1
0,1
0,1
0,2
0,10347
0.000340069,11
0,1
0,1
0,133
0,21
0.000341016,10
0,1
0,1
0,9792
0,1
0,455
0,1
0,4
0,11
0,1
0,23
0,9
0,26
0,1
0.000343665,5
0,2
0,34
0,1
0,2
0,40
0,14
0,60
0,2
0,1248
0.000345557,2
0,3
0,2
0,1
0,24
0,2
0,11
0,1
0,1
0,1
0,16
0,1
0,1
0,12
0,3
0,32
0,1
0,3
0,4
0,3
0.000349342,8
0,1
0.000349721,1
0,314
0,46
0,25
0.000350478,1
0,4
0,9
0,1
0,1
0,11
0,2
0,11
0,19
0,28
0,9655
0,4
0,1
0,5
0,2
0,25
0,6
0,127
0,4
0,3
0,515
0,2
0,22
0,1
0,1
0.000355209,119
0,2
0,11
0,1
0,9
0,121
0,33
0,1
0.000356723,7
0.000356912,1
0,4
0,3
0,2
0,38
0,35
0,4
0,5349
0,3
0,1
0,3
0,40
0,5
0,4
0,3
0.000359751,10
0,1
0,1
0,1
0,4
0,19
0,1
0,40
0,11
0,1
0,4
0,2
0.000362022,1
0,12
0,5
0,1
0,1
0,24897
0,1
0,6
0,1
0,88
0,2
0,1
0,1
0,4
0,1
0,7
0,3
0,2
0,2
0.000365617,12
0,5
0,2
0,1
0,7796
0,2
0,8
0,11
0.000367131,1
0,142
0,1
0,2
0,353
0,651
0.000736533,1
0,39500
0,182
0,15
0,44
0,356
0,23
0,8
0,6
0,1
0,9
0,1
0,6
0,27
0,121
0,2
0.000371294,4
0.000371484,1
0,3
0,28
0,21
0,6
0,41690
0,2
0,3
0,171
0,1
0,2
0,1
0,2
0,9
0,6
0,1
0,1
0,1
0,1
0,2
0,2
0.000375458,1
0,1
0,3
0,2
0,1
0,13
0,1
0,2
0,2
0,2
0,3
0,22
0,1
0,1
0,72
0,301
0,2
0.00075735,1
0,1
0,13
0,626
0,386
0,8
0,1
0,54
0,2
0,17
0,1
0,40
0.000380946,1
0,1
0,1
0,3
0,2
0,6
0,78
0,8
0,12
0,2
0,1
0,10
0,3
0,1
0,2
0,1
0,64
0,2
0,7
0,1
0,9
0,1
0.000385109,16
0,3
0,42
0,4
0,2
0,4
0,9
0,4
0,12
0,72
0,11
0,2
0,4
0,1
0,3
0,3
0,1
0,11
0.000388516,1
0,2
0,1
0,44
0,2
0,39
0,4648
0,11
0.000390029,66520
0,2
0,7
0,1
0,1520
0,1
0,1
0,2
0,1
0,1
0,5
0,18
0,5
0,1
0,1
0,1
0,1
0,1
0,4
0,56
0,10
0,1
0,1
0,47
0,1
0,21
0,15
0,2
0,3
0,1195
0,1
0,1
0,2
0,1
0,1
0,224
0,1
0,1
0,40
0,14
0,2
0,4
0,7
0.000398167,1
0,1
0,3
0,16
0,15
0,2
0,1
0,10
0,3
0,42
0,76
0,1
0,1
0,1
0,1
0,5
0,16
0,1
0,28
0,12
0,17283
0,1
0,6
0,1
0,50
0,2
0,1
0,3
0,4
0,4
0,1
0,2
0,1
0,6
0,17
0,8
0,4
0,1
0,1
0,6
0,5
0,14
0,3
0,8
0,2
0,9
0,1
0,64
0,12
0,4
0,1
0,1
0,4
0,1
0,1
0,131
0,9
0,1
0,7
0,2
0,29
0,2
0,1
0,15571
0,1
0,2
0,132
0,2
0,13
0,575
0,1
0.000411603,1
0,1
0,26
0,1
0,579
0,2
0,6
0,1
0,7
0,52
0,29
0,1
0,1
0,2
0,3
0,1
0.000414631,1
0,2
0,3
0,29
0.000415388,22
0,3
0,1
0,16
0,579
0,2
0,1
0,4
0,1
0,2
0,2
0,26908
0,1
0,6
0,2
0,143
0,1
0,3
0,7
0,1
0,24
0,1
0,5
0,1
0,3
0,174
0,17
0,1
0,285
0,2
0,1
0.000421255,1
0.000421444,2
0,623
0,303
0,3
0,393
0,1
0,500
0,1
0,15
0,2
0,5
0,136
0,3
0,1
0,6
0,13613
0,12
0.000424661,2
0,17
0,97
0,41
0,7
0,8
0,3
0,8950
0,2
0,1
0,1
0,21
0,5
0,2901
0,5
0,11
0,2
0,3
0,13
0,1
0,5
0,2
0,5
0,1
0,6
0,1963
0,70
0,5
0,1
0,295
0,3
0,1
0,6
0,4
0,1
0,359
0,1
0,1
0,8
0,1
0,195
0,20
0,254
0,790
0,55
0,2
0,1
0,4
0,3
0,397
0,5
0,36
0,3
0,1
0,28
0,2
0,5
0,1
0,2
0,84
0,49
0,1
0,11
0,6
0,2
0,4
0,7
0,1016
0,225
0,11
0,1
0.000438097,12
0,6
0,2
0,2
0,1
0,655
0,4
0.000439422,48
0,5
0,2
0,10
0,1
0,44
0,13532
0,4
0,1
0,89
0,5
0,28
0,1
0,1
0,87
0,1
0,1
0,2
0,173
0,1
0.000443207,19
0,86
0,6
0,2
0,1
0,12
0.000444342,2
0,1
0,2
0,59
0,43
0,4
0,9
0,76
0,1
0,16
0.000446235,1
0,1
0,3
0,1
0,61
0,1
0,3
0,3
0.000447749,1
0,4
0,8
0,1
0,5
0,694
0,1
0,7
0,9
0,5
0,7
0,1
0,1
0,39
0,3
0,1
0.000450776,2
0.000450966,2
0,2
0,2847
0,1
0,1
0,6
0,1
0,537
0,1
0,180
0,12
0,1
0.000453237,3
0,8
0,73
0,40
0,3
0,5
0,1
0,2
0,786
0,1
0,32
0,1
0,11
0,1
0,1564
0,1
0,1
0,3
0,2
0,1
0,1
0,2
0,1
0,3
0,1
0,5
0,4
0,1
0,24105
0,22
0,1
0,5
0,1
0,1
0,7
0,1
0,19
0,16
0,1
0.000460617,5
0,1
0,4
0,1
0,6
0,1
0,2
0,10
0,1
0,24
0,1
0,14
0.000462888,1
0,15
0,2
0,2
0,318
0,8
0,29
0,96
0,41
0,196
0,1
0,2
0,264
0,16
0,8
0,39
0,1
0,15
0,448
0,6
0,9
0,4
0,4
0,169
0,2
0,1
0,2
0,3
0,2
0,10
0,5
0,1
0,12
0,9
0,4
0,445
0,4
0,1
0,2
0,3479
0,33
0,16
0,19
0,10
0,2
0,4
0,1
0,1
0,2
0,7
0,1
0,294
0,15
0,1
0,2
0,8
0.000473486,1
0,1
0,14
0,270
0,6
0,28
0,2
0,1
0,24089
0.000475189,2
0,3
0,2
0,1913
0,9
0,19
0,11
0,1
0,80
0,1
0,7
0,2
0,624
0,1
0,1
0,5
0,4
0,2
0,1
0,6
0,1
0,1
0,5
0.000479541,177
0,2
0,1
0.000480109,1
0,2
0,2
0,5
0,16
0,2
0,3
0,1
0,1
0,3
0,11
0,11
0,16
0,3449
0,3
0,2
0.000483137,1
0,8
0,110
0,1
0,35
0,2
0,4
0,6
0,1
0.00048484,2
0,2
0,1
0,43
0,18606
0,45
0,1
0,1
0,5
0,762
0,2
0,1
0,1
0,55
0,108
0,3
0,1
0,7
0,1
0,1
0,1
0,1
0.000489003,3
0,3
0,11
0,1
0,842
0,1
0,1
0,9
0,1
0,1
0,38
0,1
0,60
0,12
0,42
0,2
0,1
0,1
0,117
0,16
0,330
0,22
0,1
0,36
0,1
0,1
0,1
0,1
0,7
0,267
0,1
0,2
0,1
0,14
0,3
0,34684
0,1
0.000496005,3
0,1648
0,422
0,37
0,1
0,1
0,4
0,1
0,20
0,1
0,2
0,11
0,1
0,3601
0,1
0,5
0,12
0,2
0,2
0,16
0,1
0,2
0,1
0,1
0,2
0,29
0,1
0.000501115,1
0,18231
0,19
0,1
0,1196
0,1
0,1
0,1
0,325
0,2
0,2
0.000503197,4
0,2
0,5
0,1
0,1
0,4
0,2
0,243
0,1
0,1
0,7
0,1
0,49
0,1
0,1
0,1
0,1
0,1
0,3
0,1
0,2
0,4
0,33
0,1
0,1
0,2
0,10
0,1
0,1
0,2
0,26
0,1
0,1
0,1
0,1
0,2785
0,250
0,116
0,305
0,2053
0,1
0,18735
0,1
0.000511334,2
0,1
0,3581
0,2
0,2
0,25
0,1
0,5
0.000512848,2
0,1
0,104
0,2
0,3
0,1
0,4
0,2946
0,4
0,26
0,176
0,4
0,1
0,1
0.000515497,27
0,1671
0,13399
0,2
0.000516254,7
0,39
0,4
0,13
0,4
0,1
0.00051739,7
0,2
0,1
0,1
0,134
0,1
0,7
0,1
0,2
0,1
0,6
0,1
0,5
0,1
0,82
0,6
0,85
0,1
0,5
0,4
0,559
0,101
0,1
0,13
0,123
0,132
0,160
0,22793
0,1
0,2
0,4
0,11
0,2
0,11
0,2
0,1
0,102
0,2
0,5
0,1
0,8
0,2
0,37
0,23852
0,44
0,1
0,10
0,1784
0,3
0,1
0,2
0.000527041,45
0,1
0,12
0,2
0,20
0,29747
0,3
0,4
0,41
0,10
0,2
0,1
0,2
0,1
0,2
0,2
0,1
0,4
0,56
0,6
0,77
0,1
0,11811
0,1
0,6068
0,33
0,4
0,9
0,4860
0,5
0,1
0,15
0,2
0,1
0,4
0,2
0,1
0,1
0,4
0.000534422,11861
0,2
0,15210
0,15
0,136
0,36
0,5
0,1
0,8507
0,2
0,2
0,1
0,107
0,145
0,712
0,1
0,1480
0,547
0,2
0,22
0,4
0,22
0,1
0.000538774,1
0,1
0,5
0,14741
0,3
0,13
0,478
0.000540099,7185
0,1
0,12
0,2
0,3
0,2
0,10
0,49
0,4
0,1
0,23
0,4
0,20
0,1
0,1
0,3
0,1
0,8
0,11
0,6
0,77
0,1
0,1
0,127
0,1
0.00054483,1
0.000545019,1
0,2
0,1
0,1
0,1
0,12
0,42
0,3
0,2
0,7
0,4
0,1
0,4
0,1
0,13
0,4186
0,1
0,15111
0,5815
0,4
0,2
0.000548993,2
0,2
0,1
0,1
0,75
0,1
0,1
0,6
0,2
0.000550697,1
0,62
0.000551075,1
0,1
0,2
0,27
0,5
0,63
0,5
0,3468
0,1
0,3795
0,35
0,6
0,1
0,6
0,3
0,1
0,41
0,1
0,37
0,7
0,1
0,116
0,12
0,1
0,49
0,1
0,2
0,2
0,1
0,3
0,5
0,1
0,1009
0,61
0.000557509,2
0,5
0,1
0,8
0,7
0.000558456,18
0,1
0,4
0,6
0,1
0,33
0,3
0,9
0,1
0,1
0,1
0,1901
0,5805
0,1
0,18591
0,1
0,185
0,4
0,50
0,1
0,2
0,22182
0,13
0,5
0,49
0,6
0,3
0,2
0,2
0,12
0,29
0,1
0,1
0,1
0,19492
0,10
0,1
0,8
0,6
0,2
0,1
0,2
0,13257
0,1
0,2
0,1
0,1
0,1
0,1
0,21
0,15
0,1
0,37
0,14874
0,7
0,1
0,4
0,85
0,2
0,1
0,1
0,144
0,3
0,2
0,74
0,44
0,1
0,1
0,84
0,804
0,10
0.000571892,3
0,1
0.00057227,2
0,1
0,1
0,5
0,3
0,1
0,9
0,2
0,4
0,8
0,5
0,1
0,2
0,1
0,2
0,4
0,1
0,9
0,500
0,3
0,1
0,1
0,6
0,818
0,1
0,4
0,11
0,75
0,126
0,20
0,1
0,656
0,1
0,1
0,156
0,32
0,1
0,119
0,1
0,4
0,1
0.000580029,1
0,871
0,4
0.000580597,11
0,1
0,124
0,2
0,1
0,3
0,16
0,3024
0,7
0,26
0,1
0,118
0,4
0,3
0,9
0,1
0,28
0.000583814,1
0,28
0,4
0,17
0,87
0,4
0,2
0,19
0,13
0,3
0,1
0,220
0,1
0,3
0,1
0,2
0,354
0,2
0,6
0,15
0,1
0,666
0,4377
0,4
0,1
0,2
0,7
0,19
0,7
0,12
0,4
0,21
0,89
0,9
0,2
0,938
0,1
0,1
0,2
0,1
0,276
0,3
0,2
0,14
0,1
0,4
0,2
0,1
0,894
0,1
0,1
0,1
0,9330
0,2
0,1
0,3
0,1
0,1
0,2
0,6
0,125
0,2
0,18379
0,1
0,15
0,3
0.000596304,24
0,1
0,1
0,6
0.000597061,6
0,7
0,1
0,74
0,3964
0,58
0.000598197,2
0,5
0,1
0,1
0,1
0,1
0,1
0,18
0,1
0,1
0,1
0,1
0,571
0,3
0,2
0,573
0,9904
0,1
0,27
0,2
0,326
0,23
0,6
0,3639
0,38
0,39
0,1
0,1
0,1
0,3920
0,11
0,1
0,2
0,10
0,55
0,1
0,1
0,1
0,1
0,2
0,1
0,10
0.000606145,3
0,6
0,46
0,153
0,1
0,1
0,747
0,1
0,22127
0,7
0,1
0,3
0,1
0,5807
0,2
0,3
0,1
0,242
0,1
0,1
0,1049
0,4
0,6
0,3
0,2
0,1
0,1
0,14858
0,2
0,2
0,4
0,3
0,1
0,7
0,33
0,73
0,4
0,14
0,4
0,3
0,1
0,1
0,70
0,12786
0,245
0,583
0,40
0,1
0,1
0.000615418,37
0,4
0,212
0,6
0,1
0,13
0,1
0,1
0,1
0,6
0,7
0,15
0,1
0,6
0,22
0,19
0,13
0,20
0,1
0,18
0,22
0,2
0,942
0,1
0,69
0.000620149,1
0,1
0,2
0,258
0,3
0,8
0,1
0,4
0,1
0,9
0,2
0,1
0,29
0,43
0,1
0,11
0,6
0,5
0,1
0,2
0,500
0,4
0,94
0,3
0,19
0,104
0,1
0,1
0,1
0,24
0,1
0,3
0,9
0,11
0,75
0,4322
0,1
0,68
0,28
0,6
0,1390
0,3
0,18
0,1
0,6
0,74
0,1
0,2
0,2
0,19
0,3
0,1
0,718
0,34
0,1
0,1
0,6
0,1
0,2
0.000631314,1
0,547
0,4436
0,10
0,1
0,5
0,148
0.000632639,1
0,102
0,5
0,18
0,8
0,1
0,8
0,1
0,3
0,8828
0,1
0,9
0,2
0,12
0,2
0,2
0,1
0,12669
0,23
0,1
0,20
0.000636613,1
0,1
0,12
0,4
0,96
0,1
0,12493
0,1
0,197
0,6
0,2
0,819
0,2
0,79
0,1
0,4
0,2
0,4
0,4
0,44
0,1
0,7
0,1
0,1
0,4
0,39
0,10
0,5
0,4
0,3
0,2
0,2
0,17555
0,33
0,2
0,16
0,8
0,276
0,8
0,388
0,5
0,4
0,2
0,4
0,88
0,8
0,1
0,3
0,76
0,5
0,1
0,1
0,1
0,34
0,2
0,500
0,3
0,1
0,1
0,6
0,778
0,2
0,1
0,2
0,12
0,11
0,1
0,1
0,1
0,1
0,9
0,8
0,6
0,6
0,1
0,2
0,47
0,3
0,1
0,6070
0,3
0,7
0,26
0,1
0.000652509,1
0.000652699,1
0,5
0,4711
0,3
0,3
0,13
0,9528
0,1
0,1
0,2
0,1
0,1
0,1
0,1
0,10
0,53
0,9
0,4
0,1
0.000656294,4
0,5049
0,1
0,1
0,218
0,38
0,12
0,22
0,37
0,203
0,18
0.000658376,1
0,1
0,2
0,5
0,1
0,1
0,5
0,8
0,2
0,5384
0,51
0,7
0,11
0,46
0,2
0,1
0,1
0,3
0,69
0,12
0,1
0,46
0,1
0,153
0,17222
0,15
0,753
0,3
0,1
0,54
0,6
0,11
0,1
0,1
0,3
0,1
0,2
0,3
0,37
0,37
0,1
0,1
0,3
0,1
0,7
0,17
0,1
0,1
0,1
0,1
0,6
0,11
0,4
0,5
0,2
0,2
0,1
0,1
0,8
0,20
0,1
0,5
0,9
0,1
0,1
0,7746
0,1
0,6
0,2
0,4
0,8
0,2
0,34
0,5
0,2
0,1
0,1
0,41
0,3
0,1
0,5
0,1
0,1
0,4
0,7
0,24
0,2
0,1
0,1
0,1
0,5
0,39
0,3
0,39
0,83
0,246
0,6
0,12
0,295
0,1
0,1
0,25
0.000677679,1
0,14
0,77
0,1
0,3
0,7
0,1
0,2
0,1
0,1
0.000679571,256
0,7130
0,26
0,3
0,27
0,18
0.00136141,1
0,70
0,18424
0,927
0.000681463,1
0,5
0.000681842,56
0,1
0,8
0,1016
0,4692
0,2
0,4
0,1
0,2
0,1
0,1
0,3
0,1
0,39
0,1
0,2
0,2
0,32
0,2
0,361
0,5
0,12
0,2
0,2
0,1
0,171
0,93
0,1
0,5594
0,22
0,1
0,4
0,4
0,403
0,1
0,8
0.000688655,1
0,1
0,26
0,1
0,3
0,4
0,1
0,2
0,161
0,3
0,2
0,9
0,3
0,6
0,3
0,1
0,41
0,154
0,3
0,1
0,1
0,1
0,1
0,22
0,1
0,1
0,11
0,3
0,1
0,1
0,2
0,1
0,4
0,3
0,2
0,4
0,1
0,47
0,4
0,10
0,1
0,1
0,11
0,14
0,2
0,1
0,4
0,185
0,1
0,11
0,1
0,1
0,4
0,3
0,2
0,1
0,6
0,2
0,4
0,2
0,1
0,1
0,18367
0,53
0,1
0,3597
0,1
0,1
0,383
0,3
0,2
0,14
0,74
0,21
0,2
0,5
0,509
0,1
0,1
0,31
0,3603
0,9
0,3
0,1
0,4
0,1
0,4
0,1
0.000705308,3
0,4
0,62
0,2
0,52
0,60
0,747
0.000706633,8
0,4
0,4394
0,12
0,2
0,323
0,1
0,3
0,7
0.000708336,2
0,122
0,270
0,6497
0,1
0,1
0,4
0.000709661,8
0,4
0,3
0,12
0,29
0,1
0,10
0,2
0,1
0,587
0,2
0,7
0,15
0,2
0,1
0,6383
0,2
0,6
0,2
0,2
0,70
0,4
0,9919
0,3
0,69
0,46
0,2
0,211
0,297
0,1
0,3
0,152
0,87
0,105
0,2
0,34
0,2
0,4
0,16
0,1
0,2
0,2
0,37
0,1
0,43
0.000718177,22
0,209
0,11
0,1
0,157
0,1
0,1
0,2
0,1
0,208
0,13
0,1
0,27
0,6
0,1
0,14
0,6
0,3
0,2534
0,8
0,6
0,1
0,20
0,1
0,3
0,6
0,1
0,1
0,1
0,1
0,161
0,4
0,1
0,375
0,1
0,47
0,1
0,11
0,1
0,2
0,1
0,6
0,8
0,18
0,10
0,1
0,318
0.000727071,140
0,219
0,2
0,4
0,182
0,10
0,4
0,1
0,1
0,2
0,20
0,1
0,1
0,11
0,1
0,4
0,2
0.000730288,2
0,1
0,49
0,1
0,5
0,1
0,2
0,1
0,3364
0,215
0,1
0,1
0,3
0,590
0.000732937,4
0,35
0,7315
0,1
0,3
0,4
0,7
0,8503
0,2
0,1
0,5
0,116
0,3
0,6
0,73
0,1
0,133
0,1
0,2
0,7129
0,1
0,30
0,14
0,74
0,15841
0,133
0,2
0,7060
0,4
0,1
0,1
0,2
0,1
0,1
0,22
0,6
0,2
0,23
0,7
0,1
0,10
0,4
0.000740886,24
0,10
0,5
0,12341
0,320
0.000741832,1
0,3
0,2
0,2
0,6
0,1
0,196
0,1
0,9552
0,2
0,1
0,1
0,3
0,70
0,1
0,540
0,14
0,1
0,2
0,2366
0,2
0,107
0,100
0,5
0,2
0,2
0,1
0,14
0,13
0,5
0,7
0,11154
0,2
0,4
0,2
0,2
0,1
0,1
0,3
0,4
0,1
0,177
0,1
0,67
0.000750159,16
0,1
0,18
0,1
0,337
0,6
0,830
0,65
0,3
0,1
0,1
0,1
0,9
0,2
0,362
0,1
0,2
0,20
0,8
0,3
0,1
0,151
0,57
0,1
0,1
0,1
0,210
0,1
0,14
0,1
0,1623
0,3
0,83
0,1
0,128
0,9
0,2
0,2
0,26
0,1
0,2
0,3
0,2
0,97
0,1
0,1
0,1
0,2
0,82
0,1
0,8
0,1
0,1
0,4
0,19
0,1
0,1
0,1
0,7
0,2
0,5
0,3
0,22
0,1
0,1
0,294
0,1
0,1
0,1
0,38
0,53
0,8
0,8
0,1
0,159
0,7
0,64
0,16
0,1
0,12385
0.000765298,21662
0,8202
0,6
0,1
0,4
0,19
0,670
0,19
0,16
0,5
0,1
0,1675
0,5
0,1
0,4
0,1
0,4
0,12
0,3
0,2
0,4
0,1
0,5
0,1
0,1
0,9
0,41
0,1
0,19
0,1
0,1
0,7736
0,6
0,2
0,66
0,1
0,1148
0,3
0,1
0,1507
0,133
0,8
0,3
0,11
0,2
0,13
0,2
0,14
0,2
0,1
0,2
0,1
0,1
0,3
0,4
0,60
0,1
0,4
0,15
0,47
0,12
0,1
0,1
0,3
0,1
0,4
0,88
0,48
0,1
0,15
0,2
0,3
0,3
0,6
0,1
0,28
0,239
0,1486
0,2
0,1
0,1
0,1
0,154
0,1
0,147
0,1
0,2
0,1
0,128
0,1
0,5
0,1
0,42
0,32
0,1
0,8
0,1
0,24
0,1
0,1
0,239
0,16
0,1
0,12
0,5
0,91
0,4
0,5074
0,27
0,1604
0,5
0,4
0,13
0,1
0,1
0,4
0,2
0,5
0,25
0,9962
0,2
0,2
0,2
0,1
0,1
0,1
0,18
0,189
0,4
0,2
0,13
0,2
0,11
0,22
0,1
0,2
0,186
0,5
0,12
0,1
0,1
0,3
0.00079217,1
0,2
0,1
0,1
0,6
0,28
0,2
0,54
0,8117
0,15
0,86
0,1
0,1
0,1
0,1
0,1
0,1
0,1
0,44
0,1
0,1
0,1
0,2
0,1
0,2
0,13
0,295
0,1
0,8
0,1
0,1
0,7694
0,14483
0,3
0,57
0,1
0,1
0,9911
0,4
0,145
0,13
0,1
0,63
0,3
0,5
0,2
0,1
0,1
0,3
0,78
0,1
0,3343
0,2
0,29
0,5
0,2
0,1
0,1
0,4
0,7
0,2
0,1
0,30
0,7
0,3
0,2
0,1
0,1
0,295
0,5
0,24
0,3
0,2
0,9
0,1
0,2
0,10
0,54
0,173
0,291
0,1454
0,95
0,2
0,1
0,14
0,1
0,1
0,6
0.000808824,4
0,130
0,15
0,1
0,10
0,171
0,2
0,1009
0,1
0,856
0,1
0,1
0,1
0.000811284,24
0,146
0,153
0,2
0.000812041,8
0,2446
0,39
0,1
0,2
0,1
0,1
0,9
0,12217
0,7
0,1
0,3
0,7
0,17
0,2
0,3
0,1
0,4
0,62
0,4
0,5
0,2
0,1
0,1
0,1
0,3
0,2
0,3
0,1
0,72
0,1
0.000817908,1
0,30
0,1
0,22
0,1
0,1
0,4
0,6
0,1
0,5
0,3161
0,83
0,9
0,65
0,2
0,65
0,92
0,4
0,569
0,223
0,15
0,4
0,1
0,1
0,23
0,4
0,1
0,1
0,9
0,1
0,1
0,1
0,12
0,187
0,1
0,14
0,10
0,1
0,1
0,7551
0,4
0,1
0,2226
0,66
0,18
0,2
0,57
0,4
0,1
0,2
0,1
0,1
0,1
0,1
0,1
0.000828316,3
0,4
0,1
0,2
0,1
0,2
0,1
0,1
0,2
0,2
0,1
0,1
0,1
0,1
0,43
0,111
0,357
0.000831533,1
0,2
0,1
0,1
0,2648
0,4
0,1
0,2
0,10
0,17
0,8
0,2
0,2
0,1
0,40
0,2
0,2
0,2
0,1
0,10
0,1
0,52
0,19
0,29
0,459
0,1
0,1
0,67
0,6
0,1
0,323
0,363
0,3
0,1
0,9
0,6
0,2
0,2
0,4
0,8
0,576
0,20
0.000839481,4
0,14
0,13
0,159
0,3
0,773
0,1
0,1
0,7
0,3
0,54
0,1
0,284
0,1
0,9414
0,4
0,32
0,23
0,1
0,5
0,2
0,15
0.000843645,1
0,153
0,17
0,1
0,5
0,39
0,80
0,1
0,140
0,5
0,9
0,3
0,1
0,4
0,1
0,1
0,2
0,2
0,1
0.00084724,175
0,2
0,1
0,2
0,2
0,13
0,2
0,2
0,1
0,1
0,1
0,1
0,3
0,1
0,1
0.000850079,1
0,1
0,1
0,17
0,1
0,15
0,5
0,3
0,4
0,3
0,4
0,3
0,1
0,467
0,3
0,1
0,2
0,1
0,3
0,2
0,4
0,16
0,7
0,2
0,58
0,1
0,2
0,839
0,1
0,1
0,2
0,2
0,2
0,3
0,2
0,1
0,4
0,2
0,124
0,1
0,1
0,1
0,72
0,6
0,1
0,1
0,2
0,2
0,1
0,38
0,3
0,6
0,2
0,1
0,2
0,24
0,1474
0,4
0,2
0,4
0,702
0,145
0,3
0,2
0,3
0,4
0,1
0,35
0,1
0,1
0,1
0,3
0,2
0,2
0,15
0,1
0,11
0,2
0,2
0,1
0,1
0,1
0,3
0,5445
0,1
0,5
0,2
0,145
0,2
0,1
0,52
0,1
0.000867489,3
0,2
0,38
0,14
0,41
0,1
0,1
0,10
0,553
0,7
0,1
0,5
0,3
0,269
0,38
0,3
0,33
0,50
0,1
0,22
0,1
0,11
0,2
0,5
0,2
0,38
0,58
0,1
0,2
0,18
0,2
0,3
0,1
0,1
0,1
0,13
0,1030
0,3
0,6034
0,11
0,2
0,1
0,1
0,54
0,1
0,195
0,66
0,1
0,12
0,4
0,12
0,420
0,2
0,12180
0,3
0,272
0,22
0,1
0,1
0,1
0,1
0,3
0,54
0,4
0.000879601,11
0,3
0,67
0,3
0,33
0,3
0,54
0,65
0,1
0,36
0,7
0,3
0,2
0,3
0,6
0,18
0,4
0,102
0,7
0,1186
0,1643
0,92
0,1
0,1
0,1
0,491
0,1
0,1
0,1
0,1
0,19
0,4719
0,1
0,5
0,2
0,13
0,2
0,1
0,1
0,3
0,2
0,10
0,13
0,1
0.000887927,4477
0,2
0,1
0,15
0,245
0,15
0,1
0,14
0,1
0,9142
0,2
0,12
0,2
0,8
0,2
0,10
0,1241
0,1
0,1
0.000891523,3
0,1
0,4
0,1
0,3
0,14
0,10
0,17
0.000893037,6
0,1
0,2342
0,1
0,5
0,2
0,2
0,1
0,2
0,19
0,228
0,1
0,11
0,1
0.000895686,2
0,10
0,22
0,1
0,1
0,1055
0,2
0,10
0,2
0,2
0,3
0,54
0,1
0,1
0,1
0,3
0,1
0,2
0,6
0,1
0,1
0,5
0,2
0,1
0,2
0,1
0,1
0,43
0,1
0,6
0,54
0,2
0,1
0,7
0,1
0,4
0,2
0.000902688,1
0,12
0,4
0,80
0,2
0,6
0,3
0,120
0,95
0,3
0,31
0,1
0,46
0,1
0,1
0,1
0,3
0.000905905,1
0,4
0,11
0,7
0,1
0,1
0,7
0,1
0,4
0,11
0,6
0,8
0,1
0,4
0,21
0,2
0,1
0,1
0,1
0,5
0,1
0,3
0,2
0,2
0,197
0,130
0,1
0,8
0,13
0,4
0,1
0,1
0,1
0,1
0,1
0,53
0,5
0,6
0,1
0,20
0,2
0,19
0,12
0,1
0,2
0,190
0,9
0,1
0,5
0,35
0,1
0,5
0,2
0,1
0,23
0,7
0,11
0,7
0,164
0,1
0,533
0,7
0,1
0,48
0,6
0,274
0,2
0,2
0,190
0,16
0,4
0,8
0,3
0.00091972,1
0,10
0,1
0,13
0,1
0,13
0,1
0,1
0,5
0,12
0,1
0,1
0,1
0,1
0,1
0,19
0,1
0,1
0,4
0,532
0,2
0,435
0,1
0,1
0,1
0,1
0,8487
0,7
0,17
0,5
0,5
0,2
0,811
0,1
0,1
0,130
0,2
0,2
0,3
0,4
0,1
0,1
0,2
0,2
0,5
0,97
0,2
0,6
0,1
0,238
0,3
0,28
0,3
0,6
0,7
0,1
0,1
0,1
0,8
0,1
0,1
0,4
0,54
0,1
0,3
0,14
0,5
0,2
0,1
0,42
0,11
0,2
0,797
0,1
0,922
0,7
0,1
0,20
0,45
0,1
0,1
0,1
0,69
0,1
0,11
0,1
0,1
0,1
0,1
0,1
0,1
0,1
0,459
0,3
0,2
0,1
0,1
0,6
0,32
0,23
0,1
0,1
0,2
0,1
0,271
0,3
0,4
0,1
0,22
0,44
0,11
0,2
0,2
0,17
0,1
0,125
0,2951
0,19
0,2
0,77
0,8
0,1
0,1
0,1
0,2
0,5
0,1
0,3
0,120
0,1
0,1
0,639
0,69
0,2
0,139
0,1
0,9806
0,119
0,1
0,13335
0,1125
0,3
0,1
0,5
0,13
0,105
0,2
0,1
0,93
0,2
0,26
0,3
0,91
0,5
0,1
0,1
0,5
0,3
0,1
0,1
0,1
0,1
0,6
0,14
0,484
0,2
0,111
0,1
0,2
0,2
0,1
0,2
0,10
0,83
0,1
0,1
0,294
0,3
0,2
0,1
0,8
0,13
0,22
0,1
0,1
0,1
0,563
0,7
0,4
0.000955487,5
0,1
0,18
0,10
0,1
0,20
0,1
0,1
0,1
0,1
0,33
0,1
0,1
0,2
0,1049
0,1
0,1
0,2
0,2
0,28
0,3
0,4
0,2
0,1
0,81
0.000960218,1
0,2
0,129
0,5
0,89
0,81
0,1
0,4
0,1
0,1
0,1240
0,1
0,1
0,2
0,394
0,1
0,13
0,9
0,1
0,3
0,2
0,4
0,1
0,22
0,15
0,602
0,5
0,4
0,60
0,26
0,9
0,16
0,1
0,2
0,20
0,5
0,4
0,1
0,1
0,1
0,2
0,408
0,83
0,6
0,62
0,2
0,1
0,4
0,1
0,14
0,1
0,11
0,1
0,3
0,2
0,1
0,546
0,6
0,19
0,8
0,2
0,15
0,174
0,7
0,1
0,45
0,180
0,1
0,2
0,1
0,1
0,6
0,706
0,1
0,24
0,7
0,6
0,5
0,3
0,2
0,4
0,63
0,1
0,1
0,7
0,1
0,1
0,16
0,2
0,462
0,1
0,2
0,1
0,2
0,5
0,2
0,1
0,21
0,3
0,1
0,5
0,1
0,135
0,1
0,10
0,1
0,1
0,1816
0,1
0,1
0,2
0,1
0,2
0,128
0,3
0,2
0,113
0,1
0,2
0,2
0,26
0,1
0,1
0,1
0,25
0,1
0.000984063,28
0,2
0,460
0,44
0,34
0,1
0,637
0,4
0,45
0,8
0,2
0,3
0,753
0,38
0,5
0,1
0,1
0,1
0,3
0,103
0,81
0,1
0,15
0,7
0,3
0,442
0,1020
0,26
0,7
0,2
0,86
0,2
0,2
0,7
0,158
0.000990686,39
0,1
0,1
0,2
0,22
0,9
0,1
0,1
0,3
0,336
0,5484
0,7
0,1
0,7
0,1
0,1
0,11
0,1
0,3
0,553
0,1
0,3
0,2537
0,1
0,3
0,1
0,63
0,1
0,1
0,7390
0,12
0,4
0,89
0,1
0,4
0,5
0,1
0,2
0,195
0,4
0,1
0,7
0,1
0,1033
0,1
0,1
0,1
0,273
0,62
0,2
0,2
0,5
0,3
0,2
0,2
0,1
0,4
0,2
0,485
0,71
0,1
0,1
0,2
0,2
0,1757
0,16
0,1
0,2
0,219
0,1
0,5
0,1
0,1
0,1
0,1
0,1
0,1
0,2
0,2
0,26
0,1
0,1
0.0010062,15
0,36
0,2
0,116
0,1
0,25
0,21
0,4
0,6
0,2
0,2
0,61
0,5
0,412
0,5
0,1
0,1
0,7
0,4
0,1
0,1
0,14
0,1
0,1
0,3
0,9
0,1
0,1
0,2
0,1
0,37
0,1
0.00101226,1
0,19
0,1
0,14
0,1
0,2
0,4
0,1
0,8
0,1
0,9
0,141
0,1
0,1673
0,23
0,1
0,4
0.00101548,1023
0,1
0,5
0,2
0,101
0,1
0,1
0,38
0,30
0,1
0,2
0,10
0,185
0,7
0,1
0,6
0,1173
0,29
0.00101888,187
0,1
0,2
0,3
0,14
0,15
0,20
0,1
0,349
0,11
0,5
0,12
0,3
0,4770
0,5
0,3
0,17
0,31
0,3252
0,7
0,240
0,1
0,1
0,3
0,66
0,1
0,19
0,4
0,1
0,1
0,5
0,16
0,1
0,2
0,105
0,4
0,3
0,2
0,11
0,1
0,14
0,4
0,4
0,767
0,2
0,1
0,3
0,2
0,5
0,1
0,1
0,286
0,9
0,8
0,16
0,2
0,10
0,16
0,8515
0,682
0,8
0.00103043,1
0,1
0,1
0,4
0,1
0,56
0,2
0,4
0,7
0,4
0,5366
0,1230
0,55
0,1
0,3
0,32
0,18
0,1
0,417
0,672
0,2
0,6
0,21
0,7
0,15
0,5
0,48
0,2
0,9
0,48
0,89
0,4
0,1
0,45
0,1
0,2
0,3
0,195
0,1
0.00103781,2013
0,1
0,9
0,1
0,1
0,3
0,19
0,1
0,4
0,370
0,9
0,561
0,29
0,4
0,2
0,1
0,1
0,1
0,2
0,8
0,3
0,1
0,3
0,1
0,5
0,1
0,1
0,1160
0,212
0,1
0,2
0,1
0,1
0,3
0,84
0,13
0,262
0,176
0,1
0,2
0,1
0,2
0,3
0,1
0,1
0,9
0,1
0,1
0,3
0,1
0,128
0,1
0,6
0,1
0,2
0,6
0,178
0,4
0,828
0,2
0,2
0,6
0,2
0,3
0,1
0,3448
0,93
0,1
0,1
0,28
0,7
0,2
0,71
0,7
0,2
0,4
0,1
0,2502
0,6
0,2315
0,1
0,1
0,21
0,2
0,25
0,3
0,48
0,2
0,1
0,31
0,2
0,5
0,1
0,1
0,1
0,9
0,161
0,14
0,3
0,4
0,5
0,1
0,2
0,41
0,11
0,13
0,7
0,1
0,804
0,2
0.00105862,3
0,26
0,1
0,8
0,59
0,1
0,1
0,224
0,5
0,11
0,1
0,3
0,1
0,1
0,26
0,6
0,7
0,483
0,2
0,3
0,1
0,17
0,64
0,1
0,170
0,4
0,1
0,6
0,4
0,21
0,6
0.00106449,1
0,120
0,404
0,132
0,47
0,1
0,1
0,71
0,28
0,40
0,75
0,7024
0,1
0,298
0,1
0,48
0,2
0,8
0,62
0,31
0,2
0,3
0,285
0,2
0,622
0,289
0,41
0,1
0,2
0,1
0,2322
0,9
0,1
0,1
0,1628
0,10
0,2
0,3
0,1
0,5
0,202
0,2
0,51
0,42
0,9
0,1
0,1
0,10
0,3
0,177
0,38
0,4
0,2
0,1
0,8
0,2
0,31
0,9
0,1
0,2
0,70
0,2
0,3
0,2
0,214
0,1
0,4
0,3
0.00107736,8
0,34
0,2
0,1
0,22
0,2
0,1
0,4
0,1
0,3
0,1
0,1
0,19
0,3
0,228
0,1
0,17
0,2
0,4
0,6668
0,6
0,22
0,1
0,3915
0,13
0,122
0,9
0,227
0,6
0,1
0,1
0,1
0,2
0,3
0,6
0,4
0,769
0,1
0,2
0,1
0,4287
0,89
0,1
0,1
0,1
0,2
0,1
0,139
0,269
0,2
0,150
0,286
0,1431
0,1
0,9
0,6
0,2
0,12
0,1
0,5200
0,18
0,5
0,89
0,11
0,1
0,9
0,1
0,14
0,4
0,2
0,1
0,2
0,1
0,3
0,26
0,2
0,2728
0,100
0,4
0,17
0,110
0,425
0,98
0,3
0,45
0,1
0,1
0,46
0,2
0,67
0,4
0,13
0,1
0,4
0,2
0,34
0,2
0,2
0,1
0,20
0,1
0,2
0,1
0,7
0,3
0,1
0,4
0,1
0,1
0,1
0,981
0,1
0.00109855,2
0,10
0.00109893,1984
0,1
0,124
0,1
0,1
0,1
0,43
0,10
0.00110045,3
0,185
0,1
0,3
0,1
0,1
0,1
0,5
0,27
0,1
0,36
0,2
0,1
0,5
0,2
0,1
0,1
0,5
0,1
0,659
0,5
0,2
0,1
0,2
0,1
0,1
0,1
0,21
0,274
0,7
0,1
0,20
0,1
0,1
0,2
0,26
0,13
0,370
0,1
0,5
0,4
0,1
0,3
0,13
0,10
0,6
0,7
0,3
0,5
0,1
0,1
0,2
0,13
0,33
0,1
0,1
0,1
0,1
0,8
0,2
0,4
0,103
0,32
0,4
0,3
0,82
0,150
0,6
0,1
0,6
0,6
0,2
0,75
0,3
0,1
0,8883
0,1
0,1
0,16
0,2824
0,2
0,2
0,100
0,8
0,14
0,7199
0,3
0,1
0,10
0,13
0,1
0,4
0,1
0,28
0,2
0,24
0,5
0,1
0,1
0,2
0,33
0,25
0,1
0,49
0,1
0,2
0,1
0,13
0,11
0,33
0,36
0,7
0,1
0,2
0,3
0,3
0,2
0,1
0,8
0,728
0,1
0,3
0,1
0,6
0,2
0,2
0,1
0,1
0,10
0,103
0,5
0,1
0,6
0,1
0,9
0,3
0,2
0,2
0,117
0,181
0,1
0,7
0,94
0,30
0,17
0,1
0,55
0,1
0,1
0,655
0,2
0,3
0,3
0,2
0,1
0,16
0,2
0,1
0,3
0,1
0,1
0,1
0,15
0,10
0,1076
0,2
0,13
0,5
0,1
0,4
0,1
0,3
0,299
0,97
0,9
0,1
0,3
0,2
0.00113413,2
0,2
0,2
0,14
0,2
0,62
0,16
0,7
0,3
0,7
0,2
0,7
0,1
0,15
0,4
0,1
0,1
0,3
0,1
0,1
0,8
0,33
0,14
0,9
0,1
0,1
0,1
0,36
0,1
0,12
0,4733
0,6
0,13
0,46
0,1
0,1
0,3
0,2
0,6
0,3
0,86
0.00114189,209
0,5
0,1
0,1
0,10
0,57
0,42
0,8
0,1
0,13
0,27
0,1
0,1
0,1
0,1
0,3
0,1
0,2
0,1764
0,34
0,69
0,1
0,2
0,1
0,1
0,9
0,25
0,131
0,1
0,3
0,2
0,2
0,11
0,6
0.00114833,2
0,3
0.0011487,1745
0,2382
0,21
0,2
0,1
0,2
0,2
0,1
0,2035
0,1
0,3
0,1
0,1
0,8
0,14
0,2
0,188
0,5
0,2
0,6
0,239
0,5
0,2
0,31
0,2
0,1
0,7
0,1
0,6
0,6
0,34
0,1
0,1
0,7
0,1
0,1
0,1
0,2
0,1
0,26
0,1
0,1
0,43
0,3
0,27
0,1
0,2348
0,18
0,2
0,2
0,46
0,4
0,1
0,1
0,3859
0,17
0,1
0,1
0,251
0,1062
0,4
0,2
0,7
0,8
0,1
0,1
0,2
0,14
0,1
0,3
0,29
0,2
0,1
0,4
0,1
0,1
0,1
0,1
0,17
0,1
0,1
0,2
0,1
0,1
0,10
0,1
0,1
0,76
0,2511
0,4
0,106
0,1
0,9
0,17
0,1
0,1
0,1
0,1
0,27
0,1
0,3
0,3
0,4
0,5
0,2
0,1
0,641
0,1
0,8
0,1
0,3
0,4
0,2584
0,2
0,4
0,24
0,3
0,1
0,7
0,22
0,3
0,11
0,1946
0,3336
0,1
0,10
0,2
0,2
0,1
0,2702
0,3
0,4
0,32
0,24
0,1
0,1
0,15
0,26
0,22
0,4
0,1
0,2
0,1
0,9
0,2001
0,1
0,9
0,5
0,3597
0,1
0,1
0,1
0,37
0,2
0,1
0,554
0,5
0,3
0,1
0,4
0,2
0,1
0,1
0,2
0,164
0,4
0,7
0,3
0,28
0,25
0,13
0,10
0,128
0,16
0,1
0,108
0,2
0,1
0,1
0,1
0,4
0,43
0,275
0,4
0,3
0,2
0,1
0,1
0,5
0,2
0,1
0,1
0,3
0,3
0,9
0,2
0,1
0,68
0,1
0,1962
0,1
0,69
0,1
0,154
0,3591
0,3
0,2
0,1
0,3
0,1
0,1
0,1
0,24
0,1
0,1
0,3
0,14
0,1
0,2
0,85
0,5
0,2
0,10
0,1
0,2
0,2
0,6
0,1
0,8
0,1
0,1
0,13
0,5
0,218
0,4
0,6972
0,4
0,6
0,80
0,36
0,1
0,2
0,1
0,6
0,3
0,1
0,1
0,3
0,4
0,14
0,2
0,5
0,1
0,1
0,1
0,7
0,16
0,1
0,1
0,1
0,1
0,1
0,3
0,31
0,6
0,1
0,4
0,3
0,569
0,1
0,2
0,3
0,62
0,2
0,28
0,1
0,1
0,1
0,1
0,1
0,1
0,290
0,3
0,2
0,1
0,2
0,2
0,9
0,1
0,1
0,34
0,2
0,9
0,15
0,5
0,2
0,143
0,7
0,687
0,1
0,4
0,7
0,1
0,148
0,270
0,1
0,296
0,2
0,1
0,3727
0,4
0,600
0,2
0.00120794,4
0,1
0,175
0,41
0,1
0,1
0,1
0,3
0,3
0,2
0,1
0,1
0,1
0.0012104,1
0,6
0,4
0,2
0,3
0,1
0,27
0,7
0,140
0,3
0,17
0,36
0,42
0,3
0,17
0,4
0,1
0,2
0,405
0,1
0,3151
0,1
0,1
0,10
0,47
0,80
0,1
0,1
0,2
0,18
0,2
0,3
0,2
0,2
0,1
0,2
0,115
0,3
0,3
0,13
0,1
0,24
0,102
0,12
0,19
0,18
0,3
0,4
0,1
0,1
0,500
0,19
0,9
0,3
0,1
0,1
0,1
0,1
0,2
0,1
0,1
0,1
0,3
0,8
0,5
0,2
0,2
0,1
0,1
0,3
0,2
0,1
0,1
0,1
0,1
0,12
0,1
0,1
0,1
0,1
0,2
0,1
0,145
0,2
0,206
0,104
0,7
0,1
0,6
0,1
0,4
0,17
0,13
0,3
0,1
0,2
0,1
0,1
0,1
0,1
0,1
0.00122951,1561
0,8
0,4
0,1
0,1
0,4
0,1
0,7
0,23
0,28
0,3
0,4
0,3277
0,12
0,10
0,134
0,3
0,2
0,1
0,5
0,1
0,2
0,1
0,1
0,1471
0,10
0,95
0,9
0,1028
0,2
0,2
0,4
0,1
0,1
0,59
0,1
0,44
0,4
0,1
0,1
0,7
0,1139
0,6
0,36
0,1
0,1
0,1
0,1
0,19
0,18
0,3
0,116
0,7619
0,1
0,1
0,2
0,3
0,20
0,1
0,1
0,1
0,1
0,661
0,2
0,1
0,8
0,34
0,1
0,6
0,7
0,1
0,1
0,2
0,5
0,167
0,141
0,1
0,1
0,593
0,2
0,3
0,3068
0,5
0,894
0,9
0,4
0,48
0,2
0,5
0,3
0,2
0,9
0,14
0,1
0,1
0,416
0,5
0,1
0,580
0,1457
0,1
0,836
0,1
0,1
0,19
0,1
0,1
0,7
0,1
0,1
0,4
0,8
0,5
0,1
0,1
0,1
0,327
0,1
0,46
0,2
0,9
0,1
0,463
0,1
0,25
0,5
0,1
0,21
0,2
0,1
0,226
0,206
0,141
0,1
0,18
0,1
0,1
0,32
0,24
0,30
0,3
0,11
0,2
0,2
0,18
0,2
0,12
0,2
0,23
0,1
0,1
0,3
0,2
0,2
0,13
0,7
0,2
0,1
0,64
0,1
0,4
0,9
0,6
0,5
0,2
0,19
0,2
0,1532
0,1
0,1946
0,4
0.00126187,2
0,1
0,78
0,1
0,187
0,986
0,1
0,1
0,7
0,32
0,1
0,1
0,1
0,17
0,5693
0,1
0,2
0,6
0,350
0,1
0,11
0,6
0,1
0,37
0,4
0,1
0,1
0,1
0,1
0,1034
0,11
0,2
0,16
0,1
0,4
0,1
0,1
0,1
0,1
0,4
0,1
0,1
0,3
0,7
0,1
0,1
0,4
0,5
0,929
0,1
0,1
0,2
0,3
0,1
0,1
0,2
0,1
0,5
0,1
0,1
0,1
0,69
0,1
0,1
0,1
0,1
0,2
0,2
0,1
0,2
0,4
0,4787
0,1
0,3
0,1
0,14
0,620
0,2
0,1
0,1
0,10
0,1
0,4
0,1
0,21
0,181
0,6
0,3
0,19
0,2
0,11
0,7
0,4
0,24
0,2
0,1
0,210
0,724
0,5
0,15
0,1
0,4
0,1
0,1
0,49
0,1
0,16
0,581
0,5
0,1
0,3
0,129
0,141
0,1
0,27
0,4
0,1
0,2
0,1
0,2
0,6
0,1
0,61
0,1
0,1
0,1
0,1
0,41
0,177
0,15
0,154
0,1
0,2
0,1
0,52
0,34
0,4
0,5
0,2
0,55
0,6
0,6
0,4
0,12
0,1
0,61
0,1
0,46
0,35
0,3
0,2
0,1
0,6
0,1
0,2
0,12
0,2
0,10
0,538
0,2
0,3
0,1
0,1
0,8
0,979
0,19
0,5
0,2
0,2
0,751
0,1
0,53
0,2
0,1
0,2
0,4291
0,2
0,484
0,1
0,46
0,14
0,2
0,1
0,26
0,1
0,1
0,1
0,1
0,1
0,2
0,498
0,5
0,7
0,4
0,1
0,3750
0,12
0,2
0,1
0,1
0,2
0,47
0,1
0,1
0,3
0,32
0,59
0,1
0,4
0,6
0,5
0,1
0,15
0,1
0,1
0,442
0,1
0,40
0,49
0,1
0,172
0,2
0,7
0,523
0,1
0,7
0,75
0,25
0,24
0,2
0,1
0,3
0,1
0,1
0,3
0,6
0,1
0,70
0,5
0,111
0,5
0,77
0,1
0,1
0,1
0,1
0,11
0,2
0,25
0,2
0,108
0.00130937,6
0,1768
0,23
0,90
0,1
0,90
0,2
0,1
0,3
0,1
0,13
0,966
0,1
0,2
0,507
0,98
0,2
0,1
0,1
0,27
0,1
0,3
0,1
0,1
0,40
0,16
0,1
0,96
0,1
0,1
0,1
0,2
0,1
0,5
0,2
0,1254
0,1039
0,2
0,2
0,119
0,4
0,1
0,7
0,9
0,75
0,51
0,1
0,1
0,5
0,1
0,2
0,7
0,1
0.0013194,1
0,1
0,1
0,315
0,3
0,15
0,56
0,2
0,2
0,83
0,13
0,1
0,1
0,1
0,2
0,7
0,4
0,1
0,1
0,1
0,1
0,8
0,1
0,1
0,1
0,1
0,1
0,1
0,2
0,1848
0,1
0,88
0,4
0,3
0,11
0,1
0,1332
0,47
0,24
0,1
0,129
0,4
0,1
0,3
0,1
0,1
0,196
0,1
0,1
0,1
0,2
0,682
0.00132924,1
0,2
0,4
0,2
0,1
0,3
0,1
0,2
0,1
0,1
0,63
0,5
0,1
0,2
0,50
0,692
0,2
0,61
0,1846
0,1
0,403
0,1
0,1
0,1
0,1
0,11
0,42
0,2
0,2
0,13
0,1
0,554
0,309
0,2
0,9
0,1
0.00133605,23
0,1
0,1
0,3
0,148
0,1
0,9
0,1
0,3
0,2195
0,6
0,5
0,1
0,254
0,22
0,2
0,6
0,1
0,1
0,11
0,7
0,3
0,1
0,1
0,2
0,2
0,3
0,1
0,1
0,1
0,1
0,1
0,1
0,1826
0,1
0,252
0,2
0,1
0,1
0,1634
0,8
0,4
0,217
0,2
0,1
0,1
0,3
0,2
0,2
0,1
0,7
0,18
0,202
0,3
0,22
0,5
0,2
0,2
0,1
0,1
0,1
0,7
0,338
0,955
0,11
0,1
0,29
0,1
0,4
0.00134911,9
0.0013493,105
0,4
0,3
0,4
0,1
0,6
0,27
0,57
0,1
0,2
0,1
0,1
0,1
0,1
0,46
0,1209
0,1
0,1
0,1
0,4
0,242
0,4
0,1
0,1
0,7
0,63
0,1735
0,3734
0,1
0,3
0,184
0,590
0,2
0,43
0,11
0,1
0,6
0,3
0,2
0,955
0,1
0,99
0,2
0,1
0,1
0,1
0,1
0,23
0,1
0,28
0,1
0,2
0,1
0,74
0,1
0.00135971,40
0,1
0,16
0,1
0,2
0,1
0,917
0,97
0,12
0,7
0,4
0,49
0,2
0,2
0.00136236,8
0,1
0,4
0,12
0,1
0,1
0,52
0,7
0,1
0,1
0,1
0,24
0,1
0,296
0,1
0,12
0,48
0,5
0,21
0,2
0,5
0,3
0,1
0,79
0,13
0,171
0,7
0,3
0,3
0,22
0,117
0,1
0,8
0,3
0,2
0,2
0,1
0,168
0,81
0,7
0,2
0,1
0,3
0,7
0,1
0,2
0,3
0,3
0,2
0,1
0,1513
0,2
0,159
0,4
0,2
0,1
0,3
0,1
0,106
0,1
0,21
0,1255
0,2
0,1
0,1
0,1
0,1
0,2
0,1
0,25
0,1
0,890
0,3
0,2
0,2854
0,14
0,1
0,2
0,189
0,1
0,4
0,10
0,2
0,67
0,2
0,2
0,251
0,1
0,1144
0,1
0,1
0,2
0,31
0,78
0,22
0,1
0,1
0,5
0,1
0,1123
0,2
0,31
0,822
0,1134
0,1
0,1
0,5
0,75
0,2
0,1
0,1
0,3
0,464
0,20
0,1
0,57
0.00138431,65
0,1
0,1
0,1
0,1
0,4
0,5
0,2
0,4
0,1
0,1
0,2
0,1
0,3
0,1
0,56
0,4
0,1
0,1450
0,5
0,171
0,2
0,3
0,2
0,1
0,1
0,8
0,2
0,25
0,1
0,1241
0,2
0,3
0,1
0,1
0,6
0,2
0,2659
0,14
0,2
0,1
0,2
0,1
0,1
0,1
0,1
0,14
0,1
0,41
0,109
0,1
0,5
0,49
0,2
0,3
0,258
0,41
0,70
0,59
0,2
0,3
0,4
0,596
0,22
0,1
0,5
0,6
0,20
0,1
0,1
0,1
0,4
0,1
0,148
0,4
0.0013985,2
0,6
0,15
0,1
0,2
0,943
0,11
0,4
0,1
0,6
0,5
0,1
0,22
0,2
0,2
0,6
0,9
0,3022
0,12
0,6
0,1305
0,1
0,2
0,7
0,2227
0,15
0,527
0,10
0,1
0,1
0,17
0,1
0,1
0,2
0,45
0,49
0,112
0,3
0,83
0,2
0,31
0,400
0,2
0,2
0,1
0,4
0,67
0,2
0,1
0,12
0,1
0,1147
0,4
0,2
0,1
0,1106
0,583
0,1712
0,1
0,2
0,7
0,1
0,5
0,223
0,32
0,4
0,80
0,1
0,1
0,1
0,1
0,2
0,3
0,10
0,2
0,1
0,1
0,1
0,631
0,1
0,17
0,1
0,6
0,1506
0,2
0,2
0,3
0,1
0,18
0,3
0,1
0,1
0,60
0,1
0,2
0,1
0,2
0,1
0,14
0,2
0,17
0,1
0,6
0,1
0,2
0,7
0,1
0,67
0,62
0,5
0,23
0,898
0,11
0,2562
0,2
0,1
0,195
0,1
0,200
0,1
0,10
0,1
0,23
0,8
0,1
0,1
0,1
0,1
0,2
0,10
0,1
0,1
0,1
0,3
0,25
0,2
0,1
0,19
0,97
0,2
0,1
0,6
0,9
0,1
0,1
0,6
0,2
0,2
0,11
0,1
0,1339
0,1
0,34
0,3
0,6
0,4
0,24
0,3
0,55
0,1
0,2
0.00142897,3
0,2
0,5
0,845
0,2
0,649
0,1
0,1
0,1
0,1782
0,2
0,6
0,66
0,1
0,34
0,16
0,7
0,1081
0,6
0,6
0,1
0,1
0,4
0,2
0,6
0,1
0,961
0,5
0,1
0,1
0,2
0,1
0,5
0,25
0,3
0,20
0,118
0,1
0,2
0,5
0,2
0,1
0,18
0,7
0,7
0,1
0,63
0,8
0,2
0,1
0,1
0,1
0,41
0,8
0,2
0,1
0,2
0,3
0,171
0,2
0,1
0,13
0,2
0,4
0,183
0,1
0,3
0,10
0.00144184,51
0,2
0,2
0,1
0,3
0,13
0,3
0,26
0,17
0,7
0,1
0,1
0,1486
0,2
0,1
0,2395
0,982
0,1
0,1
0,2
0,1
0,3
0,2191
0,2
0,24
0,1
0,43
0,2
0,4
0,1
0,33
0,1
0,509
0,1
0,50
0,4
0,445
0,1
0,4
0,1
0,6
0,2
0,586
0,2
0,1
0,57
0,1112
0,1
0,1
0,2
0,3
0,3
0,1
0,1
0,2061
0,2
0,294
0,231
0,1
0,2
0,55
0,48
0,433
0,1
0,15
0,1407
0,4
0,5
0,1
0,1
0,1
0,1
0,1
0,19
0,2
0.00145603,1
0,89
0,2
0,2
0,7
0,4
0,4
0,1
0,1
0,10
0,3
0,16
0,6
0,1
0,4
0,12
0,2
0,4
0,3
0,1
0,1
0,6
0,2
0,6
0,17
0,1
0,3
0,1
0,322
0,1
0,1
0,1
0,2
0,1
0,2383
0,8
0,1
0,12
0,1
0,2
0,2
0,1
0.00146398,4
0,6
0,1
0,41
0,1
0,13
0,5
0,3
0,2
0,1
0.00146587,1
0,6
0,3
0,2
0,6
0,1
0,8
0,1
0,2
0,1
0,1
0,6
0,3
0,5
0,1
0,2
0,3
0,56
0,84
0,1
0,2
0,3
0,1
0,33
0,8
0,22
0,1
0,49
0,11
0,1
0,1
0,3
0,55
0,2
0,7
0,2
0,1
0,2
0,1
0,13
0,2
0,3
0,47
0,1
0,4
0,1
0,344
0,2
0,1
0,1
0.00147534,3
0,38
0,2
0,1
0,8
0,1328
0,4
0,1
0,10
0,2
0,1
0,2
0,1
0,106
0,1
0,1
0,3
0,2
0,1
0,3
0,2
0,83
0,1
0,2
0,1
0,30
0,1
0,1
0,5
0,1
0,25
0,1
0,2
0,2
0,11
0,2
0,3
0,5
0,177
0,1
0,1
0,67
0,10
0,1
0,23
0,1
0,4
0,1
0,1
0,2
0,4
0,1
0,1258
0,7
0,21
0,2
0,1
0,11
0,49
0,35
0,556
0,4
0,3
0,2
0,2
0,8
0,129
0,2
0,7
0,1
0,7
0,16
0,3
0,78
0,2
0,12
0,24
0,13
0,3
0,1
0,16
0,2
0,9
0,1
0,1
0,1
0,32
0,1
0,925
0,639
0,1
0,4
0,58
0,7
0,6
0,23
0,28
0,1
0,1
0,1
0,1
0,6
0,117
0,31
0,945
0,2
0,1
0,1
0,4
0,5
0,5
0,81
0,16
0,2
0,267
0,1
0,1
0,2
0,1
0,2
0,1253
0,1
0,1
0,1
0,1
0,1
0,9
0,3
0,5
0,1
0,16
0,1
0,1
0,5
0,11
0,2
0,2
0,1
0,1
0,1
0,330
0,1
0,1
0,1
0,907
0,3
0,1
0,1
0,4
0,802
0,2
0,3
0,1
0,7
0,46
0,24
0,2
0,15
0,13
0,10
0,1
0,24
0,1
0,4
0,35
0,1
0,1
0,51
0,2
0,1019
0,1
0,6
0,1
0,1
0,3
0,3
0,5
0,1
0,2
0,1
0,4
0,48
0,2
0,1
0,6
0,22
0,4
0,1384
0,1
0,2
0,9
0,1
0,1
0,2
0,1
0,215
0,730
0,10
0,1
0,5
0,252
0,8
0,1
0,2
0,270
0,1
0,21
0,3
0,2
0,3
0,2
0,1
0,9
0,6
0,729
0,7
0,1
0,25
0,12
0,4
0,3
0,30
0,8
0,1
0,1
0,4
0,2
0,1
0,2
0,45
0,1
0,1
0,1
0,1
0,218
0,1
0,1
0,4
0,1
0,1
0,1
0,48
0,4
0,2
0,19
0,42
0,1
0,1124
0,281
0,36
0,6
0,5
0,2
0,1
0,4
0,2
0,1
0,1687
0,1
0,6
0,1
0,1
0,1
0,13
0,4
0,3
0,1
0,1
0,5
0,4
0,85
0,1
0,1
0,2
0,7
0,1
0,2
0,1536
0,36
0,12
0,1
0,1
0,1
0,2
0,1
0,1
0,1
0,10
0,29
0,3
0,48
0,1
0,2
0,16
0,188
0,5
0,1
0,673
0,2
0,1
0,53
0,2
0,2
0,2
0,1405
0,6
0,14
0,638
0,1
0,153
0,749
0,1
0,8
0,181
0,1
0,809
0,1
0,5
0,1
0,2
0,69
0.00153608,1
0,5
0,1
0,20
0,50
0,1
0,630
0,8
0,1
0,73
0,2
0,3
0,816
0,71
0,3
0,957
0,1
0,1
0,1
0,804
0,63
0,1
0,5
0,2
0,1
0,3
0,5
0,1
0,59
0,1
0,1
0,1
0,617
0,30
0,44
0,37
0,2
0,1
0,7
0,1
0,155
0,3
0,244
0,3
0,684
0,8
0,4
0,1
0,1
0,1
0,37
0,22
0,158
0,1
0,815
0,116
0,6
0,1
0,19
0,1
0,1
0,1
0,13
0,9
0,7
0,556
0,1
0,8
0,2
0,12
0,1
0,18
0,22
0,3
0,19
0,9
0,30
0,1
0,1
0,526
0,13
0,22
0,497
0,1
0,1
0.00155217,19
0,15
0,14
0,2
0,1
0,3
0,125
0,11
0,82
0,47
0,6
0,3
0,4
0,141
0,2
0,1
0,5
0,3
0,1
0,1
0,49
0,162
0,1
0,1
0,1
0,8
0,1
0,1
0,3
0,7
0,25
0,3
0,218
0,1
0,4
0,4
0,2
0,1
0,116
0,6
0,22
0,22
0,2
0,4
0,4
0,4
0,1
0,3
0,1
0,4
0,3
0,2
0,1
0,1
0,1
0,13
0,13
0,57
0,3
0,1
0,2
0,8
0,3
0,41
0,1
0,2
0,111
0,11
0,3
0,1
0,1
0,3
0,100
0,3
0,3
0,1
0,4
0,1
0,1
0,61
0,24
0,21
0,2
0,7
0,1
0,17
0,1
0,2
0,1
0,1
0,1
0,2
0,4
0,1
0,1
0,185
0,1
0,2
0,4
0,7
0,1
0,1
0,8
0,10
0,2
0,5
0,3
0,1
0,1
0,2
0,1
0,3
0,3
0,100
0,12
0,3
0,59
0,2
0,3
0,30
0,2
0,1
0,2
0,1
0,4
0,8
0,3
0,354
0,2
0,2
0,51
0,1
0,1
0,9
0,2
0,3
0,65
0,1
0,1
0,19
0,105
0,34
0,233
0,5
0,16
0,1
0,1
0,489
0,2
0,6
0,24
0,6
0,630
0,5
0,8
0,1
0,27
0,35
0,2
0,373
0,2
0,1
0,2
0,4
0,38
0,12
0,1
0,1
0,8
0,1
0,1
0,59
0,2
0,1
0,1
0,2
0,5
0,8
0,4
0,1
0,2
0,8
0,1
0,1
0,7
0,4
0,2
0,9
0,3
0,712
0,23
0,39
0,1
0,1
0,1
0,1
0,8
0,6
0,1
0,2
0,296
0,6
0,11
0,125
0,31
0,4
0,1
0,2
0,2
0,6
0,76
0,6
0,2
0,20
0,18
0,21
0,1
0,1
0,54
0,403
0,28
0,1
0,2
0,12
0,2
0,553
0,215
0,5
0,1
0,21
0,3
0,2
0,31
0,1
0,1
0,61
0,177
0,1
0,8
0,3
0,9
0,334
0,3
0,1
0,1
0,1
0,2
0,4
0,18
0,4
0,4
0,2
0,2
0,3
0,913
0,4
0,1
0,1
0,21
0,1
0,15
0,38
0,4
0,1311
0,279
0,1
0,1
0,19
0,37
0,30
0,1
0,1
0,1
0,4
0.00160402,1
0,1
0,2
0,61
0,1
0,11
0,8
0,1
0,2
0,25
0,1
0.0016061,11
0,6
0,723
0,1
0,17
0,2
0,1
0,10
0,86
0,3
0,6
0,24
0,2
0,1
0,12
0,1
0.00160913,1
0,4
0,3
0,6
0.00160989,5
0,301
0,2
0,3
0,1
0,1
0,1
0,2
0.0016114,3
0,38
0,1
0,27
0,5
0,3
0,1
0,1
0,1
0,1
0,1
0,114
0,2
0,745
0,2
0,2
0,1
0,1
0,1
0,1
0,1
0,3
0,134
0,1
0,1
0,6
0,43
0,19
0,1
0,3
0,195
0,2
0,28
0,2
0,8
0,1
0,1
0,1
0,27
0,27
0,21
0,1
0,14
0,124
0,2
0,4
0,33
0,1759
0,1
0,4
0,1
0,1
0,2
0,3
0,1
0,631
0,7
0,1
0,1
0,19
0,2
0,6
0,3
0,1
0,1
0,1
0,502
0,1
0,3
0,1
0,1
0,1
0,5
0,4
0,3
0,19
0,722
0,13
0,20
0,1
0,2
0,23
0,21
0,1
0,1
0,1
0,6
0,3
0,2
0,378
0,105
0,9
0,1
0,39
0,2
0,6
0,3
0,1
0,1
0,5
0,1
0,1
0,6
0,4
0,135
0,1
0,1
0,24
0,118
0,107
0,2
0,44
0,3
0,1
0,2
0,1
0,63
0,1
0,12
0,1
0,5
0,9
0,4
0,14
0,1
0,1
0,2
0,9
0,9
0,2
0,1
0,15
0,4
0,2
0,24
0,1
0,2
0,29
0,64
0,4
0,2
0,1
0,5
0,1
0,279
0,16
0,47
0,4
0,1
0,1
0,3
0,286
0,2
0,86
0,1
0,1
0,24
0,1
0,1
0,44
0,1
0,18
0,1
0,48
0,26
0,3
0,2
0,470
0,1
0,29
0,1
0,14
0,1
0,2
0,1
0,1
0,16
0,2
0,1
0,6
0,1
0,13
0,2
0,4
0,1
0,3
0,53
0,623
0,24
0,1
0,1
0,4
0,2
0,1
0,14
0,2
0,53
0,113
0,217
0,2
0,8
0,1
0,277
0,1
0,27
0,1
0,10
0,209
0,1
0,1
0,40
0,2
0,3
0,4
0,1
0,1
0,2
0,1
0,1
0,1
0,1
0,1
0,258
0,2
0,1
0,106
0,1
0,1
0,1
0,1
0,13
0,2
0,1
0,18
0,1
0,1
0,1
0,1
0,2
0,1
0,25
0,1
0,2
0,4
0,234
0,26
0,80
0.00165815,16
0,616
0,1
0,1
0,1
0,26
0,21
0,8
0,23
0,2
0,256
0,1
0,3
0,1
0,241
0,1
0,1
0,7
0,5
0,1
0,1
0,356
0,1
0,1
0,10
0,1
0,1
0,3
0,22
0,4
0,103
0,3
0,62
0,73
0,11
0,9
0,1
0,1
0,1
0,1
0,3
0,1
0,2
0,5
0,3
0,2
0,1
0,2
0,1
0,1
0,123
0,31
0,1
0,317
0,469
0,2
0,5
0,201
0,3
0,1
0,2
0,3
0,138
0,8
0,11
0,2
0.00167064,2
0,17
0,31
0,3
0,592
0,4
0,5
0,2
0,68
0,5
0,60
0,5
0,4
0,11
0,23
0,5
0,1
0,1
0,22
0,10
0,2
0,1
0,8
0,1
0,1
0,279
0,22
0,2
0,311
0,3
0,3
0,192
0,1
0,1
0,2
0,1
0,1
0,262
0,18
0,273
0,4
0,1
0,5
0,5
0,1
0,3
0,1
0,321
0,10
0,2
0,5
0,4
0,2
0,2
0,15
0.00168104,9
0,14
0,1
0,1
0,1
0,1
0,1
0,249
0,3
0,21
0,27
0,3
0,1
0,3
0,332
0,7
0,1
0,2
0,17
0,2
0,1
0,2
0,14
0,2
0,1
0,132
0,2
0,1
0,4
0,1
0,1
0,1
0,18
0,1
0,1
0,3
0,9
0,168
0,2
0,171
0,4
0,6
0,1
0,4
0,17
0,6
0,1
0,1
0,5
0,4
0,1
0,3
0,5
0,13
0,1
0,1
0,13
0,12
0,1
0,21
0,5
0,2
0,1
0,2
0,3
0,1
0,1
0.00169372,20
0,181
0,4
0,138
0,1
0,46
0,1
0,4
0,3
0,15
0,1
0,4
0,1
0,12
0,1
0,104
0,32
0,1
0,268
0,1
0,1
0,355
0,3
0,2
0,1
0,372
0,1
0,6
0,97
0,1
0,1
0,1
0,1
0,1
0,20
0,5
0,1
0,205
0,1
0,2
0,5
0,1
0,15
0,236
0,71
0,51
0,5
0,5
0,261
0,1
0,7
0,128
0,2
0,3
0,8
0,1
0,8
0,3
0,118
0,7
0,2
0,3
0,1
0,1
0,56
0,2
0,1
0,136
0,1
0,1
0,1
0,1
0,1
0,1
0,1
0,1
0,13
0,309
0,18
0,118
0,3
0,1
0,366
0,1
0,1
0,1
0,1
0,2
0,1
0,5
0,664
0,4
0,241
0,2
0,1
0,5
0,3
0,4
0,12
0,2
0,56
0,3
0,82
0,3
0,1
0,258
0,1
0,11
0,1
0,169
0,1
0,11
0,2
0,2
0,3
0,1
0,170
0,2
0,98
0,1
0,109
0,2
0,3
0,6
0,19
0,2
0,1
0,102
0,22
0,233
0,1
0,1
0,9
0,1
0,4
0,1
0,2
0,8
0,1
0,1
0,11
0,1
0,152
0,1
0,6
0,3
0,1
0,21
0,72
0,3
0,1
0,32
0,1
0,1
0,12
0,3
0,37
0,1
0,1
0,10
0,1
0,1
0,3
0,142
0,4
0,2
0,2
0,1
0,3
0,468
0,159
0,1
0,3
0,8
0,1
0,1
0,325
0,64
0,4
0,2
0,73
0,1
0,7
0,1
0,1
0,8
0,181
0,5
0,1
0,52
0,1
0,1
0.00173006,318
0,7
0,95
0,1
0,143
0,7
0,1
0,1
0,1
0,1
0,2
0,2
0,4
0,1
0,1
0,82
0,79
0,133
0,66
0,11
0,1
0,2
0,31
0,199
0,2
0,9
0,23
0,2
0,3
0,4
0,1
0,1
0,2
0,14
0,1
0,1
0,127
0,107
0,4
0,3
0,15
0,225
0,34
0,3
0,1
0,31
0,3
0,117
0,1
0,1
0,1
0,1
0,135
0,44
0,63
0,27
0,1
0,106
0,4
0,6
0,79
0,229
0,13
0,1
0,59
0,1
0,43
0,1
0,153
0,1
0,43
0,1
0,2
0,10
0,1
0,61
0,5
0.00174463,3
0,173
0,6
0,3
0,1
0,85
0,4
0,10
0,124
0,2
0,25
0,195
0,80
0,17
0,2
0,2
0,1
0,1
0,1
0,2
0,1
0,12
0,3
0,14
0,2
0,1
0,2
0,32
0,6
0,1
0,1
0,7
0,154
0,6
0,140
0,3
0,1
0,1
0,9
0,113
0,3
0,12
0,197
0,1
0,1
0,2
0,2
0,8
0,4
0,1
0,91
0,82
0,1
0,227
0,2
0,73
0,2
0,4
0,1
0,45
0,201
0,1
0,10
0,1
0,1
0,2
0,159
0,2
0,33
0,2
0,4
0,22
0,3
0,78
0,109
0,1
0,2
0,1
0,31
0,6
0,10
0,1
0,1
0,1
0,2
0,3
0,1
0,1
0,1
0,1
0,106
0,11
0,5
0,1
0,129
0,1
0,2
0,6
0,3
0,1
0,6
0,13
0,10
0,1
0,2
0,15
0,35
0,1
0,3
0,22
0,1
0.00176564,1
0,22
0,27
0,6
0,3
0,1
0,6
0,1
0,124
0,1
0,2
0,6
0,3
0,4
0,2
0,4
0,106
0,6
0,66
0,45
0,1
0,3
0,3
0,1
0,2
0,1
0,1
0,1
0,83
0,7
0,49
0,2
0,3
0,1
0,1
0,63
0,1
0,61
0,12
0,35
0,1
0,37
0,2
0,1
0,1
0,83
0,2
0,16
0,2
0,5
0,8
0,2
0,1
0,95
0,3
0,2
0,2
0,3
0,2
0,11
0,72
0,1
0,7
0,177
0,1
0,3
0,4
0,4
0,2
0,10
0,40
0,1
0,2
0,1
0,2
0,10
0,2
0,2
0,2
0,1
0,6
0,93
0,3
0,7
0.00178153,57
0,1
0,74
0,9
0,1
0,1
0,71
0,74
0,104
0,1
0,2
0,1
0,40
0,1
0,1
0,98
0,2
0,1
0,38
0,50
0,1
0,1
0,1
0,1
0,6
0,8
0,1
0,1
0,5
0,1
0,2
0,57
0,30
0,2
0,2
0,137
0,48
0,1
0,1
0,1
0,2
0,3
0,7
0,38
0,1
0,1
0,2
0,1
0,49
0,11
0,7
0,5
0,16
0,62
0,7
0,2
0,2
0,1
0,1
0,11
0,32
0,6
0,37
0,1
0,1
0,7
0,2
0,83
0,1
0,17
0,3
0,1
0,6
0,3
0,1
0,1
0,17
0,3
0,9
0,44
0,112
0,1
0,1
0,2
0,1
0,1
0,1
0,1
0,1
0,6
0,16
0,6
0,3
0,1
0,1
0,2
0,8
0,3
0,30
0,101
0,62
0,57
0,28
0,34
0,1
0,9
0,3
0,1
0,2
0,7
0,1
0,8
0,77
0,1
0.00180311,4
0,1
0,15
0,1
0,1
0,40
0,8
0,2
0,4
0,2
0,62
0,5
0,29
0,1
0,4
0,1
0,5
0,61
0,4
0,47
0,5
0,4
0,7
0,1
0.00180765,1
0,1
0,22
0,2
0,63
0,1
0,8
0,2
0,4
0,1
0,1
0,33
0,6
0,12
0,11
0,58
0,64
0,19
0,1
0,38
0,31
0,41
0,14
0,5
0,1
0,2
0,3
0,1
0,4
0,2
0,4
0,24
0,20
0,1
0,1
0,2
0,1
0,1
0,1
0,1
0,23
0,1
0,9
0,1
0,4
0,17
0,2
0,1
0,65
0,3
0,17
0,18
0,1
0,1
0,49
0,1
0,18
0,33
0,1
0,1
0,1
0,2
0,46
0,12
0,1
0,2
0,2
0,1
0,1
0,1
0,1
0,27
0,39
0,1
0,1
0,3
0,1
0,12
0,1
0,31
0,22
0,1
0,1
0,28
0,3
0,3
0,2
0,41
0,19
0,11
0,6
0,2
0,1
0,2
0,1
0,12
0,1
0,33
0,7
0,4
0,5
0,23
0,2
0.00182714,12
0,10
0,1
0,16
0,1
0,1
0,1
0,4
0,1
0,1
0,2
0,6
0,1
0,11
0,22
0,11
0,6
0,3
0,1
0,1
0,1
0,18
0,18
0,3
0,1
0,4
0,25
0,10
0,2
0,2
0,3
0.00183301,3
0,13
0,7
0,39
0,5
0,1
0,1
0,9
0,2
0,1
0,1
0,1
0,1
0,2
0,2
0,1
0,3
0,2
0,1
0,2
0,1
0,2
0,1
0,1
0,2
0,4
0,26
0,7
0,4
0,6
0,1
0,1
0,7
0,17
0,8
0,1
0,12
0,3
0,6
0,6
0,9
0,2
0,8
0,4
0,3
0,5
0,3
0,14
0,16
0,1
0,1
0,7
0,1
0,3
0,8
0,4
0,16
0,1
0,4
0,1
0,4
0,1
0,1
0,5
0,1
0,1
0,5
0,2
0,1
0,1
0,1
0,3
0,4
0,18
0,1
0,2
0,5
0,4
0,8
0,6
0,11
0,1
0,3
0,1
0,8
0,1
0,4
0,2
0,1
0,1
0,5
0,16
0,5
0,1
0,3
0,2
0,5
0,3
0,7
0,2
0,6
0,7
0,4
0,1
0,8
0,3
0.00185307,5
0,1
0,13
0,2
0,1
0,1
0,1
0,7
0,1
0,4
0,1
0,3
0,5
0,1
0.00185572,1
0,7
0,3
0,1
0,3
0,3
0,4
0,2
0,1
0,3
0,1
0,2
0,1
0,1
0,1
0,3
0,4
0,2
0,1
0,1
0,2
0,1
0,3
0,2
0,2
0,1
0,1
0,1
0,1
0,2
0,1
0,1
0,1
0,4
0,1
0,2
0,3
0,5
0,6
0,1
0,1
0,1
0,1
0,1
0,1
0,3
0,1
0,1
0,1
0,1
0,2
0,1
0,1
0,1
0,1
0,1
0,1
0,1
