0
0.00544
0.00149
0.00144
0.00015
0.0007
0.00073
0.00139
0.00127
0.00223
0.0029
0.00044
0.00036
0.00235
0.00155
0.00055
0.0005
0.00027
5e-05
0.00162
0.00073
0.00051
0.00083
0.00016
0.0004
8e-05
0.00029
0.00031
0.00033
7e-05
3e-05
9e-05
0.00023
0.00017
0.00011
0.00046
0.00092
0.00022
0.00018
0.00034
0.00012
0.00016
4e-05
0.00038
2e-05
0.00013
0.00027
0.0001
0.00026
0.00015
3e-05
4e-05
8e-05
8e-05
0.00021
0.00011
0.00013
9e-05
0.00022
0.00032
0.00023
4e-05
1e-05
0.00023
0.00011
0.00012
2e-05
8e-05
5e-05
0.00013
3e-05
6e-05
2e-05
0.00012
7e-05
0.00019
0.00025
4e-05
0.0002
0.00016
0.00021
0.00015
1e-05
9e-05
1e-05
0.00014
0.00021
0.00022
2e-05
0.00015
1e-05
0.00012
2e-05
5e-05
3e-05
0.00036
0.00022
0.00013
4e-05
5e-05
7e-05
2e-05
5e-05
1e-05
3e-05
0.00011
0.00011
7e-05
0.0001
9e-05
6e-05
5e-05
2e-05
7e-05
0.00012
7e-05
4e-05
6e-05
0.00016
6e-05
6e-05
2e-05
1e-05
3e-05
8e-05
4e-05
6e-05
7e-05
1e-05
1e-05
4e-05
9e-05
1e-05
0.0001
0.0002
0.00011
0.00011
7e-05
0.00016
2e-05
0.00017
2e-05
0.00011
0.0001
8e-05
2e-05
3e-05
1e-05
0.00022
7e-05
4e-05
1e-05
5e-05
8e-05
6e-05
0.00012
0.00013
1e-05
3e-05
6e-05
1e-05
3e-05
4e-05
0.0001
6e-05
6e-05
0.00028
8e-05
0.00036
0.00015
5e-05
1e-05
1e-05
0.00014
9e-05
3e-05
1e-05
3e-05
3e-05
2e-05
6e-05
1e-05
0.00014
0.00014
7e-05
0.00016
9e-05
3e-05
9e-05
1e-05
2e-05
1e-05
4e-05
1e-05
2e-05
0.00017
2e-05
3e-05
4e-05
9e-05
2e-05
0.00015
2e-05
5e-05
6e-05
2e-05
1e-05
0.0001
4e-05
6e-05
7e-05
2e-05
3e-05
3e-05
2e-05
4e-05
7e-05
0.00011
0.00021
1e-05
9e-05
8e-05
0.00014
1e-05
1e-05
0.00016
1e-05
2e-05
6e-05
0.0001
1e-05
0.00012
2e-05
1e-05
0.00011
0.00013
0.00012
1e-05
2e-05
2e-05
2e-05
4e-05
0.00012
0.00014
1e-05
1e-05
3e-05
1e-05
4e-05
1e-05
8e-05
4e-05
1e-05
2e-05
5e-05
1e-05
2e-05
5e-05
6e-05
0.00014
2e-05
3e-05
5e-05
3e-05
2e-05
1e-05
3e-05
1e-05
4e-05
5e-05
5e-05
1e-05
2e-05
6e-05
8e-05
3e-05
2e-05
4e-05
3e-05
1e-05
2e-05
1e-05
6e-05
7e-05
4e-05
1e-05
3e-05
5e-05
3e-05
1e-05
2e-05
2e-05
3e-05
1e-05
0.00014
0.00011
2e-05
3e-05
1e-05
3e-05
1e-05
1e-05
2e-05
7e-05
3e-05
5e-05
1e-05
5e-05
0.0001
1e-05
1e-05
2e-05
2e-05
2e-05
1e-05
3e-05
6e-05
2e-05
4e-05
2e-05
3e-05
2e-05
3e-05
2e-05
2e-05
1e-05
2e-05
1e-05
1e-05
1e-05
6e-05
2e-05
1e-05
1e-05
0.00012
3e-05
8e-05
4e-05
1e-05
2e-05
3e-05
0.0001
3e-05
8e-05
7e-05
5e-05
4e-05
6e-05
1e-05
7e-05
2e-05
1e-05
2e-05
2e-05
1e-05
3e-05
3e-05
2e-05
2e-05
1e-05
1e-05
1e-05
4e-05
2e-05
2e-05
4e-05
2e-05
2e-05
3e-05
5e-05
1e-05
0.00012
2e-05
1e-05
0.00013
1e-05
1e-05
3e-05
1e-05
2e-05
1e-05
9e-05
1e-05
1e-05
2e-05
4e-05
6e-05
2e-05
2e-05
1e-05
1e-05
1e-05
5e-05
2e-05
1e-05
2e-05
7e-05
7e-05
1e-05
2e-05
1e-05
3e-05
7e-05
2e-05
7e-05
2e-05
3e-05
2e-05
2e-05
2e-05
4e-05
1e-05
4e-05
1e-05
5e-05
8e-05
1e-05
5e-05
1e-05
3e-05
4e-05
1e-05
1e-05
9e-05
1e-05
3e-05
3e-05
6e-05
1e-05
4e-05
2e-05
1e-05
3e-05
1e-05
1e-05
1e-05
1e-05
6e-05
3e-05
2e-05
4e-05
1e-05
2e-05
1e-05
6e-05
3e-05
1e-05
2e-05
1e-05
1e-05
1e-05
1e-05
3e-05
5e-05
4e-05
1e-05
2e-05
2e-05
2e-05
2e-05
2e-05
1e-05
2e-05
1e-05
1e-05
3e-05
3e-05
2e-05
1e-05
2e-05
3e-05
2e-05
6e-05
2e-05
1e-05
2e-05
1e-05
2e-05
4e-05
5e-05
1e-05
4e-05
8e-05
2e-05
1e-05
3e-05
1e-05
1e-05
1e-05
2e-05
3e-05
3e-05
1e-05
2e-05
2e-05
1e-05
3e-05
1e-05
3e-05
1e-05
1e-05
2e-05
6e-05
3e-05
1e-05
1e-05
1e-05
1e-05
1e-05
1e-05
1e-05
1e-05
1e-05
1e-05
3e-05
1e-05
2e-05
1e-05
1e-05
1e-05
1e-05
1e-05
1e-05
1e-05
1e-05
2e-05
2e-05
3e-05
1e-05
4e-05
2e-05
3e-05
3e-05
2e-05
7e-05
3e-05
1e-05
2e-05
5e-05
2e-05
1e-05
1e-05
2e-05
1e-05
1e-05
1e-05
2e-05
2e-05
2e-05
1e-05
2e-05
1e-05
2e-05
2e-05
1e-05
2e-05
4e-05
1e-05
2e-05
2e-05
1e-05
2e-05
2e-05
2e-05
1e-05
1e-05
2e-05
1e-05
4e-05
2e-05
3e-05
2e-05
3e-05
1e-05
4e-05
1e-05
1e-05
1e-05
1e-05
1e-05
1e-05
1e-05
1e-05
2e-05
2e-05
1e-05
6e-05
8e-05
1e-05
2e-05
1e-05
1e-05
1e-05
4e-05
1e-05
5e-05
1e-05
1e-05
1e-05
2e-05
1e-05
1e-05
1e-05
2e-05
1e-05
2e-05
5e-05
2e-05
1e-05
2e-05
4e-05
1e-05
1e-05
1e-05
1e-05
1e-05
7e-05
2e-05
1e-05
2e-05
1e-05
4e-05
1e-05
1e-05
1e-05
1e-05
2e-05
2e-05
4e-05
1e-05
1e-05
1e-05
3e-05
2e-05
1e-05
1e-05
1e-05
2e-05
1e-05
2e-05
1e-05
2e-05
3e-05
1e-05
1e-05
1e-05
1e-05
3e-05
1e-05
2e-05
2e-05
1e-05
3e-05
2e-05
5e-05
2e-05
2e-05
1e-05
1e-05
1e-05
2e-05
2e-05
1e-05
1e-05
1e-05
1e-05
1e-05
1e-05
1e-05
2e-05
1e-05
1e-05
1e-05
1e-05
4e-05
1e-05
1e-05
1e-05
1e-05
1e-05
1e-05
2e-05
1e-05
2e-05
4e-05
1e-05
1e-05
1e-05
2e-05
1e-05
1e-05
2e-05
2e-05
1e-05
1e-05
3e-05
1e-05
1e-05
1e-05
2e-05
1e-05
3e-05
1e-05
1e-05
2e-05
1e-05
1e-05
1e-05
1e-05
2e-05
2e-05
4e-05
1e-05
1e-05
1e-05
2e-05
1e-05
1e-05
1e-05
1e-05
3e-05
1e-05
1e-05
1e-05
3e-05
2e-05
3e-05
1e-05
2e-05
1e-05
1e-05
3e-05
1e-05
1e-05
2e-05
1e-05
2e-05
1e-05
1e-05
1e-05
1e-05
2e-05
5e-05
1e-05
2e-05
5e-05
1e-05
2e-05
1e-05
2e-05
1e-05
2e-05
1e-05
1e-05
1e-05
3e-05
1e-05
2e-05
1e-05
1e-05
1e-05
2e-05
1e-05
1e-05
1e-05
2e-05
1e-05
1e-05
2e-05
1e-05
2e-05
1e-05
2e-05
1e-05
1e-05
1e-05
1e-05
3e-05
5e-05
2e-05
2e-05
1e-05
1e-05
1e-05
1e-05
1e-05
2e-05
2e-05
1e-05
1e-05
1e-05
2e-05
2e-05
2e-05
2e-05
1e-05
1e-05
4e-05
2e-05
1e-05
1e-05
1e-05
2e-05
1e-05
1e-05
1e-05
1e-05
1e-05
1e-05
2e-05
1e-05
1e-05
1e-05
1e-05
1e-05
1e-05
1e-05
2e-05
1e-05
1e-05
2e-05
1e-05
1e-05
1e-05
1e-05
1e-05
1e-05
1e-05
3e-05
1e-05
1e-05
1e-05
1e-05
1e-05
1e-05
1e-05
1e-05
1e-05
1e-05
1e-05
1e-05
1e-05
1e-05
2e-05
1e-05
2e-05
1e-05
1e-05
1e-05
1e-05
1e-05
1e-05
1e-05
1e-05
1e-05
1e-05
1e-05
1e-05
2e-05
1e-05
1e-05
1e-05
1e-05
2e-05
1e-05
1e-05
1e-05
1e-05
1e-05
3e-05
1e-05
1e-05
1e-05
1e-05
1e-05
1e-05
1e-05
1e-05
1e-05
1e-05
1e-05
1e-05
1e-05
1e-05
2e-05
1e-05
1e-05
2e-05
1e-05
1e-05
1e-05
2e-05
1e-05
1e-05
2e-05
1e-05
1e-05
1e-05
1e-05
1e-05
1e-05
1e-05
1e-05
1e-05
1e-05
1e-05
1e-05
1e-05
1e-05
1e-05
1e-05
1e-05
1e-05
1e-05
1e-05
3e-05
2e-05
1e-05
1e-05
1e-05
1e-05
1e-05
1e-05
1e-05
1e-05
1e-05
1e-05
1e-05
1e-05
1e-05
1e-05
1e-05
1e-05
1e-05
1e-05
1e-05
1e-05
1e-05
1e-05
2e-05
1e-05
1e-05
2e-05
1e-05
3e-05
2e-05
1e-05
1e-05
1e-05
2e-05
1e-05
1e-05
1e-05
1e-05
1e-05
1e-05
1e-05
1e-05
1e-05
1e-05
1e-05
1e-05
1e-05
1e-05
1e-05
1e-05
1e-05
1e-05
1e-05
1e-05
1e-05
1e-05
1e-05
1e-05
1e-05
1e-05
1e-05
1e-05
1e-05
1e-05
1e-05
1e-05
1e-05
1e-05
1e-05
1e-05
1e-05
1e-05
1e-05
1e-05
2e-05
1e-05
1e-05
1e-05
1e-05
1e-05
1e-05
1e-05
1e-05
1e-05
1e-05
1e-05
1e-05
1e-05
1e-05
1e-05
1e-05
1e-05
1e-05
1e-05
1e-05
2e-05
1e-05
1e-05
1e-05
1e-05
1e-05
1e-05
1e-05
1e-05
1e-05
1e-05
1e-05
1e-05
1e-05
1e-05
1e-05
1e-05
1e-05
1e-05
1e-05
1e-05
1e-05
1e-05
1e-05
1e-05
1e-05
1e-05
1e-05
1e-05
1e-05
1e-05
1e-05
1e-05
1e-05
1e-05
1e-05
1e-05
1e-05
1e-05
1e-05
1e-05
1e-05
1e-05
1e-05
1e-05
1e-05
1e-05
1e-05
1e-05
1e-05
1e-05
1e-05
1e-05
1e-05
1e-05
