0,0
325,446
326,438
326,439
326,440
326,441
326,442
326,443
326,444
326,445
326,446
326,447
326,448
326,449
327,437
327,438
327,439
327,440
327,441
327,442
327,443
327,444
327,445
327,446
327,447
327,448
328,436
328,437
328,438
328,439
328,440
328,441
328,442
328,443
328,444
328,445
328,446
328,447
328,448
328,449
329,437
329,438
329,439
329,440
329,441
329,442
329,443
329,444
329,445
329,446
329,447
329,448
330,436
330,437
330,438
330,439
330,440
330,441
330,442
330,443
330,444
330,445
330,446
330,447
330,448
331,436
331,437
331,438
331,439
331,440
331,441
331,442
331,443
331,444
331,445
331,446
331,447
332,436
332,437
332,438
332,439
332,440
332,441
332,442
332,443
332,444
332,445
332,446
332,447
333,434
333,436
333,437
333,438
333,439
333,440
333,441
333,442
333,443
333,444
333,445
333,446
333,447
334,434
334,435
334,436
334,437
334,438
334,439
334,440
334,441
334,442
334,443
334,444
334,445
334,446
334,447
335,434
335,435
335,436
335,437
335,438
335,439
335,440
335,441
335,442
335,443
335,444
335,445
335,446
335,447
335,448
336,434
336,435
336,436
336,437
336,438
336,439
336,440
336,441
336,442
336,443
336,444
336,445
336,446
336,447
336,448
336,449
337,402
337,403
337,422
337,423
337,424
337,425
337,426
337,431
337,433
337,434
337,435
337,436
337,437
337,438
337,439
337,440
337,441
337,442
337,443
337,444
337,445
337,446
337,447
337,448
337,449
337,450
338,384
338,387
338,388
338,393
338,394
338,395
338,401
338,402
338,403
338,404
338,405
338,411
338,420
338,421
338,422
338,423
338,424
338,425
338,426
338,430
338,431
338,432
338,433
338,434
338,435
338,436
338,437
338,438
338,439
338,440
338,441
338,442
338,443
338,444
338,445
338,446
338,447
338,448
338,449
338,450
338,451
338,452
338,455
338,456
339,384
339,385
339,386
339,387
339,388
339,389
339,390
339,393
339,394
339,395
339,396
339,397
339,400
339,401
339,402
339,403
339,404
339,405
339,409
339,410
339,411
339,418
339,419
339,420
339,421
339,422
339,423
339,424
339,425
339,426
339,427
339,430
339,431
339,432
339,433
339,434
339,435
339,436
339,437
339,438
339,439
339,440
339,441
339,442
339,443
339,444
339,445
339,446
339,447
339,448
339,449
339,450
339,451
339,452
339,453
339,454
339,455
339,456
339,457
339,458
339,459
339,460
339,461
340,379
340,382
340,383
340,384
340,385
340,386
340,387
340,388
340,389
340,390
340,393
340,394
340,395
340,396
340,397
340,398
340,399
340,400
340,401
340,402
340,403
340,404
340,405
340,406
340,407
340,408
340,409
340,410
340,411
340,418
340,419
340,420
340,421
340,422
340,423
340,424
340,425
340,426
340,427
340,428
340,429
340,430
340,431
340,432
340,433
340,434
340,435
340,436
340,437
340,438
340,439
340,440
340,441
340,442
340,443
340,444
340,445
340,446
340,447
340,448
340,449
340,450
340,451
340,452
340,453
340,454
340,455
340,456
340,457
340,458
340,459
340,460
340,461
341,379
341,380
341,381
341,382
341,383
341,384
341,385
341,386
341,387
341,388
341,389
341,390
341,391
341,392
341,393
341,394
341,395
341,396
341,397
341,398
341,399
341,400
341,401
341,402
341,403
341,404
341,405
341,406
341,407
341,408
341,409
341,410
341,411
341,415
341,417
341,418
341,419
341,420
341,421
341,422
341,423
341,424
341,425
341,426
341,427
341,428
341,429
341,430
341,431
341,432
341,433
341,434
341,435
341,436
341,437
341,438
341,439
341,440
341,441
341,442
341,443
341,444
341,445
341,446
341,447
341,448
341,449
341,450
341,451
341,452
341,453
341,454
341,455
341,456
341,457
341,458
341,459
341,460
341,461
342,379
342,380
342,381
342,382
342,383
342,384
342,385
342,386
342,387
342,388
342,389
342,390
342,391
342,392
342,393
342,394
342,395
342,396
342,397
342,398
342,399
342,400
342,401
342,402
342,403
342,404
342,405
342,406
342,407
342,408
342,409
342,410
342,411
342,412
342,413
342,415
342,416
342,417
342,418
342,419
342,420
342,421
342,422
342,423
342,424
342,425
342,426
342,427
342,428
342,429
342,430
342,431
342,432
342,433
342,434
342,435
342,436
342,437
342,438
342,439
342,440
342,441
342,442
342,443
342,444
342,445
342,446
342,447
342,448
342,449
342,450
342,451
342,452
342,453
342,454
342,455
342,456
342,457
342,458
342,460
342,461
343,363
343,364
343,365
343,366
343,367
343,368
343,371
343,372
343,373
343,374
343,375
343,376
343,377
343,378
343,379
343,380
343,381
343,382
343,383
343,384
343,385
343,386
343,387
343,388
343,389
343,390
343,391
343,392
343,393
343,394
343,395
343,396
343,397
343,398
343,399
343,400
343,401
343,402
343,403
343,404
343,405
343,406
343,407
343,408
343,409
343,410
343,411
343,412
343,413
343,414
343,415
343,416
343,417
343,418
343,419
343,420
343,421
343,422
343,423
343,424
343,425
343,426
343,427
343,428
343,429
343,430
343,431
343,432
343,433
343,434
343,435
343,436
343,437
343,438
343,439
343,440
343,441
343,442
343,443
343,444
343,445
343,446
343,447
343,448
343,449
343,450
343,451
343,452
343,453
343,454
343,455
343,456
343,457
343,458
344,363
344,364
344,365
344,366
344,367
344,368
344,369
344,370
344,371
344,372
344,373
344,374
344,375
344,377
344,378
344,379
344,380
344,381
344,382
344,383
344,384
344,385
344,386
344,387
344,388
344,389
344,390
344,391
344,392
344,393
344,394
344,395
344,396
344,397
344,398
344,399
344,400
344,401
344,402
344,403
344,404
344,405
344,406
344,407
344,408
344,409
344,410
344,411
344,412
344,413
344,414
344,415
344,416
344,417
344,418
344,419
344,420
344,421
344,422
344,423
344,424
344,425
344,426
344,427
344,428
344,429
344,430
344,431
344,432
344,433
344,434
344,435
344,436
344,437
344,438
344,439
344,440
344,441
344,442
344,443
344,444
344,445
344,446
344,447
344,448
344,449
344,450
344,451
344,452
344,453
344,454
344,455
344,456
344,457
345,363
345,364
345,365
345,366
345,367
345,368
345,369
345,370
345,371
345,372
345,373
345,377
345,380
345,381
345,382
345,383
345,384
345,385
345,386
345,387
345,388
345,389
345,390
345,391
345,392
345,393
345,394
345,395
345,396
345,397
345,398
345,399
345,400
345,401
345,402
345,403
345,404
345,405
345,406
345,407
345,408
345,409
345,410
345,411
345,412
345,413
345,414
345,415
345,416
345,417
345,418
345,419
345,420
345,421
345,422
345,423
345,424
345,425
345,426
345,427
345,428
345,429
345,430
345,431
345,432
345,433
345,434
345,435
345,436
345,437
345,438
345,439
345,440
345,441
345,442
345,443
345,444
345,445
345,446
345,447
345,448
345,449
345,450
345,451
345,452
345,453
345,454
345,455
345,457
346,362
346,363
346,364
346,365
346,366
346,367
346,368
346,369
346,370
346,373
346,380
346,381
346,382
346,383
346,384
346,385
346,386
346,387
346,388
346,389
346,390
346,391
346,392
346,393
346,395
346,396
346,397
346,398
346,399
346,400
346,401
346,402
346,403
346,404
346,405
346,406
346,407
346,408
346,409
346,410
346,411
346,412
346,413
346,414
346,415
346,416
346,417
346,418
346,419
346,420
346,421
346,422
346,423
346,424
346,425
346,426
346,427
346,428
346,429
346,430
346,431
346,432
346,433
346,434
346,435
346,436
346,437
346,438
346,439
346,440
346,441
346,442
346,443
346,444
346,445
346,446
346,447
346,448
346,449
346,450
346,451
346,457
347,362
347,363
347,364
347,365
347,366
347,367
347,368
347,369
347,380
347,381
347,382
347,383
347,384
347,385
347,386
347,387
347,388
347,389
347,390
347,391
347,392
347,393
347,394
347,395
347,396
347,397
347,398
347,399
347,400
347,401
347,402
347,403
347,404
347,405
347,406
347,407
347,408
347,409
347,410
347,411
347,412
347,413
347,414
347,415
347,416
347,417
347,418
347,419
347,420
347,421
347,422
347,423
347,424
347,425
347,426
347,427
347,428
347,429
347,430
347,431
347,432
347,433
347,434
347,435
347,436
347,437
347,438
347,439
347,440
347,441
347,442
347,443
347,444
347,445
347,446
347,447
347,448
347,449
347,450
347,451
348,362
348,363
348,364
348,365
348,366
348,367
348,368
348,369
348,370
348,376
348,380
348,381
348,382
348,383
348,384
348,385
348,386
348,387
348,388
348,389
348,390
348,391
348,392
348,393
348,394
348,395
348,396
348,397
348,398
348,399
348,400
348,401
348,402
348,403
348,404
348,405
348,406
348,407
348,408
348,409
348,410
348,411
348,412
348,413
348,414
348,415
348,416
348,417
348,418
348,419
348,420
348,421
348,422
348,423
348,424
348,425
348,426
348,427
348,428
348,429
348,430
348,431
348,432
348,433
348,434
348,435
348,436
348,437
348,438
348,439
348,440
348,441
348,442
348,443
348,444
348,445
348,446
348,447
348,448
348,449
348,450
348,451
349,362
349,363
349,364
349,365
349,366
349,367
349,368
349,369
349,370
349,371
349,376
349,377
349,378
349,379
349,380
349,381
349,382
349,383
349,384
349,385
349,386
349,387
349,388
349,389
349,390
349,391
349,392
349,393
349,394
349,395
349,396
349,397
349,398
349,399
349,400
349,401
349,402
349,403
349,404
349,405
349,406
349,407
349,408
349,409
349,410
349,411
349,412
349,413
349,414
349,415
349,416
349,418
349,419
349,420
349,421
349,422
349,423
349,424
349,425
349,426
349,427
349,428
349,429
349,430
349,431
349,432
349,433
349,435
349,436
349,437
349,438
349,440
349,441
349,442
349,443
349,444
349,445
349,446
349,447
349,448
349,449
349,450
349,451
350,363
350,364
350,365
350,366
350,367
350,368
350,369
350,370
350,371
350,372
350,376
350,377
350,378
350,379
350,380
350,381
350,382
350,383
350,384
350,385
350,386
350,387
350,388
350,389
350,390
350,391
350,392
350,393
350,394
350,395
350,396
350,397
350,398
350,399
350,400
350,401
350,402
350,403
350,404
350,405
350,406
350,407
350,408
350,409
350,410
350,411
350,412
350,413
350,414
350,415
350,416
350,421
350,422
350,423
350,424
350,425
350,426
350,427
350,428
350,429
350,430
350,431
350,432
350,435
350,436
350,440
350,441
350,442
350,443
350,444
350,445
350,446
351,363
351,364
351,365
351,366
351,367
351,368
351,369
351,370
351,371
351,372
351,373
351,375
351,376
351,377
351,378
351,379
351,380
351,381
351,382
351,383
351,384
351,385
351,386
351,387
351,388
351,389
351,390
351,391
351,392
351,393
351,394
351,395
351,396
351,397
351,398
351,399
351,400
351,401
351,402
351,403
351,404
351,405
351,406
351,407
351,408
351,409
351,410
351,411
351,412
351,413
351,414
351,415
351,427
351,428
351,429
351,430
351,436
351,444
351,445
351,446
351,447
352,364
352,365
352,366
352,367
352,368
352,369
352,370
352,371
352,372
352,373
352,374
352,375
352,376
352,377
352,378
352,379
352,380
352,381
352,382
352,383
352,384
352,385
352,386
352,387
352,388
352,389
352,390
352,391
352,392
352,393
352,394
352,395
352,396
352,397
352,398
352,399
352,400
352,401
352,402
352,403
352,404
352,405
352,406
352,407
352,408
352,409
352,410
352,411
352,412
352,413
352,414
352,415
352,427
352,428
352,429
352,430
353,364
353,365
353,366
353,367
353,368
353,369
353,370
353,371
353,372
353,373
353,374
353,375
353,376
353,377
353,378
353,379
353,380
353,381
353,382
353,383
353,384
353,385
353,386
353,387
353,388
353,389
353,390
353,391
353,392
353,393
353,394
353,395
353,396
353,397
353,398
353,399
353,400
353,401
353,402
353,403
353,404
353,405
353,406
353,407
353,408
353,409
353,410
353,411
353,412
353,413
353,414
353,415
353,419
353,427
353,428
353,429
353,430
354,363
354,364
354,365
354,366
354,367
354,368
354,369
354,370
354,371
354,372
354,373
354,374
354,375
354,376
354,377
354,378
354,379
354,380
354,381
354,382
354,383
354,384
354,385
354,386
354,387
354,388
354,389
354,390
354,391
354,392
354,393
354,394
354,395
354,396
354,397
354,398
354,399
354,400
354,401
354,402
354,403
354,404
354,405
354,406
354,407
354,408
354,409
354,410
354,411
354,412
354,413
354,414
354,415
354,416
354,417
354,418
354,419
354,420
354,421
354,422
354,423
354,424
354,427
354,428
354,429
354,430
354,431
355,363
355,364
355,365
355,366
355,367
355,368
355,369
355,370
355,371
355,372
355,373
355,374
355,375
355,376
355,377
355,378
355,379
355,380
355,381
355,382
355,383
355,384
355,385
355,386
355,387
355,388
355,389
355,390
355,391
355,392
355,393
355,394
355,395
355,396
355,397
355,398
355,399
355,400
355,401
355,402
355,403
355,404
355,405
355,406
355,407
355,408
355,409
355,410
355,411
355,412
355,413
355,414
355,415
355,416
355,417
355,418
355,419
355,420
355,421
355,422
355,423
355,424
355,425
355,427
355,428
355,429
356,362
356,363
356,364
356,365
356,366
356,367
356,368
356,369
356,370
356,371
356,372
356,373
356,374
356,375
356,376
356,377
356,378
356,379
356,380
356,381
356,382
356,383
356,384
356,385
356,386
356,387
356,388
356,389
356,390
356,391
356,392
356,393
356,394
356,395
356,396
356,397
356,398
356,399
356,400
356,401
356,402
356,403
356,404
356,405
356,406
356,407
356,408
356,409
356,410
356,411
356,412
356,413
356,414
356,415
356,416
356,417
356,418
356,419
356,420
356,421
356,422
356,423
356,424
356,425
356,426
356,427
356,428
356,429
357,366
357,367
357,368
357,369
357,370
357,371
357,372
357,373
357,374
357,375
357,376
357,377
357,378
357,379
357,380
357,381
357,382
357,383
357,384
357,385
357,386
357,387
357,388
357,389
357,390
357,391
357,392
357,393
357,394
357,395
357,396
357,397
357,398
357,399
357,400
357,401
357,402
357,403
357,404
357,405
357,406
357,407
357,408
357,409
357,410
357,411
357,412
357,413
357,414
357,415
357,416
357,417
357,418
357,419
357,420
357,421
357,422
357,423
357,424
357,425
357,426
357,427
357,428
357,429
357,430
357,431
358,366
358,367
358,368
358,369
358,370
358,371
358,372
358,373
358,375
358,376
358,377
358,378
358,379
358,380
358,381
358,382
358,383
358,384
358,385
358,386
358,387
358,388
358,389
358,390
358,391
358,392
358,393
358,394
358,395
358,396
358,397
358,398
358,399
358,400
358,401
358,402
358,403
358,404
358,405
358,406
358,407
358,408
358,409
358,410
358,411
358,412
358,413
358,414
358,415
358,416
358,417
358,418
358,419
358,420
358,421
358,422
358,423
358,424
358,425
358,426
358,427
358,428
358,429
358,430
358,431
358,435
358,436
359,372
359,376
359,377
359,378
359,379
359,380
359,381
359,382
359,383
359,384
359,385
359,386
359,387
359,388
359,389
359,390
359,391
359,392
359,393
359,394
359,395
359,396
359,397
359,398
359,399
359,400
359,401
359,402
359,403
359,404
359,405
359,406
359,407
359,408
359,409
359,410
359,411
359,412
359,413
359,414
359,415
359,416
359,417
359,418
359,419
359,420
359,421
359,422
359,423
359,424
359,425
359,426
359,427
359,428
359,429
359,430
359,431
359,432
359,433
359,434
359,435
359,436
360,376
360,378
360,379
360,380
360,381
360,382
360,383
360,384
360,385
360,386
360,387
360,388
360,389
360,390
360,391
360,392
360,393
360,394
360,395
360,396
360,397
360,398
360,399
360,400
360,401
360,402
360,403
360,404
360,405
360,406
360,407
360,408
360,409
360,410
360,411
360,412
360,413
360,414
360,415
360,416
360,417
360,418
360,419
360,420
360,421
360,422
360,423
360,424
360,425
360,426
360,427
360,428
360,429
360,430
360,431
360,432
360,433
360,434
360,435
360,436
360,437
360,438
361,379
361,380
361,381
361,382
361,383
361,384
361,385
361,386
361,387
361,388
361,389
361,390
361,391
361,392
361,393
361,394
361,395
361,396
361,397
361,398
361,399
361,400
361,401
361,402
361,403
361,404
361,405
361,406
361,407
361,408
361,409
361,410
361,411
361,412
361,413
361,414
361,415
361,416
361,417
361,418
361,419
361,420
361,421
361,422
361,423
361,424
361,425
361,426
361,427
361,428
361,429
361,430
361,431
361,432
361,433
361,434
361,435
361,436
361,437
362,381
362,382
362,383
362,385
362,386
362,387
362,388
362,389
362,390
362,391
362,392
362,393
362,394
362,395
362,396
362,397
362,398
362,399
362,400
362,401
362,402
362,403
362,404
362,405
362,406
362,407
362,408
362,409
362,410
362,411
362,412
362,413
362,414
362,415
362,416
362,417
362,418
362,419
362,420
362,421
362,422
362,423
362,424
362,425
362,426
362,427
362,428
362,429
362,430
362,431
362,432
362,433
362,434
363,380
363,381
363,382
363,383
363,384
363,385
363,386
363,387
363,388
363,389
363,390
363,391
363,392
363,393
363,394
363,395
363,396
363,397
363,398
363,399
363,400
363,401
363,402
363,403
363,404
363,405
363,406
363,407
363,408
363,409
363,410
363,411
363,412
363,413
363,414
363,415
363,416
363,417
363,418
363,419
363,420
363,421
363,422
363,423
363,424
363,425
363,426
363,427
363,428
363,429
363,430
363,431
363,432
363,434
363,435
363,436
363,437
363,438
364,380
364,381
364,382
364,383
364,384
364,385
364,386
364,387
364,388
364,389
364,390
364,391
364,392
364,393
364,394
364,395
364,396
364,397
364,398
364,399
364,400
364,401
364,402
364,403
364,404
364,405
364,406
364,407
364,408
364,409
364,410
364,411
364,412
364,413
364,414
364,415
364,416
364,417
364,418
364,419
364,420
364,421
364,422
364,423
364,424
364,425
364,426
364,427
364,428
364,429
364,430
364,431
364,432
364,433
364,434
364,435
364,436
364,437
364,438
364,439
364,440
364,441
364,442
364,443
364,444
364,445
365,380
365,381
365,382
365,383
365,384
365,385
365,386
365,387
365,388
365,389
365,390
365,391
365,393
365,394
365,395
365,396
365,397
365,398
365,399
365,400
365,401
365,402
365,403
365,404
365,405
365,406
365,407
365,408
365,409
365,410
365,411
365,412
365,413
365,414
365,415
365,416
365,417
365,418
365,419
365,420
365,421
365,422
365,423
365,424
365,425
365,426
365,427
365,428
365,429
365,430
365,431
365,432
365,433
365,434
365,435
365,436
365,437
365,438
365,439
365,440
365,441
365,442
365,443
365,444
365,445
365,447
366,381
366,382
366,383
366,384
366,385
366,386
366,387
366,388
366,389
366,390
366,391
366,392
366,393
366,394
366,395
366,396
366,397
366,398
366,399
366,400
366,401
366,402
366,403
366,404
366,405
366,406
366,407
366,408
366,409
366,410
366,411
366,412
366,413
366,414
366,415
366,416
366,417
366,418
366,419
366,420
366,421
366,422
366,423
366,424
366,425
366,426
366,427
366,428
366,429
366,430
366,431
366,432
366,433
366,434
366,435
366,436
366,437
366,438
366,439
366,440
366,441
366,442
366,443
366,444
366,445
366,446
366,447
366,448
366,450
367,381
367,382
367,383
367,384
367,385
367,386
367,387
367,388
367,389
367,390
367,391
367,394
367,395
367,396
367,397
367,398
367,399
367,400
367,401
367,402
367,403
367,404
367,405
367,406
367,407
367,408
367,409
367,410
367,411
367,412
367,413
367,414
367,415
367,416
367,417
367,418
367,419
367,420
367,421
367,422
367,423
367,424
367,425
367,426
367,427
367,428
367,429
367,430
367,431
367,432
367,433
367,434
367,435
367,436
367,437
367,438
367,439
367,440
367,441
367,442
367,443
367,444
367,445
367,446
367,447
367,448
367,449
367,450
368,381
368,382
368,383
368,384
368,385
368,386
368,387
368,388
368,389
368,390
368,394
368,395
368,396
368,397
368,398
368,399
368,400
368,401
368,402
368,403
368,404
368,405
368,406
368,407
368,408
368,409
368,410
368,411
368,412
368,413
368,414
368,415
368,416
368,417
368,418
368,419
368,420
368,421
368,422
368,423
368,424
368,425
368,426
368,427
368,428
368,429
368,430
368,431
368,432
368,433
368,434
368,435
368,436
368,437
368,438
368,439
368,440
368,441
368,442
368,443
368,444
368,445
368,446
368,447
368,448
368,449
368,450
368,451
368,452
368,456
369,381
369,382
369,383
369,384
369,385
369,386
369,387
369,388
369,389
369,390
369,391
369,394
369,395
369,396
369,397
369,398
369,399
369,400
369,401
369,402
369,403
369,404
369,408
369,409
369,410
369,411
369,412
369,413
369,414
369,415
369,416
369,417
369,418
369,419
369,420
369,421
369,422
369,423
369,424
369,425
369,426
369,427
369,428
369,429
369,430
369,431
369,432
369,433
369,434
369,435
369,436
369,437
369,439
369,440
369,441
369,442
369,443
369,444
369,445
369,446
369,447
369,448
369,449
369,450
369,451
369,452
369,454
369,455
369,456
369,457
369,469
369,470
369,472
370,382
370,383
370,384
370,385
370,386
370,387
370,388
370,389
370,390
370,391
370,394
370,395
370,396
370,397
370,398
370,399
370,400
370,401
370,402
370,403
370,404
370,405
370,409
370,410
370,411
370,412
370,413
370,414
370,415
370,416
370,417
370,418
370,419
370,420
370,421
370,422
370,423
370,424
370,425
370,426
370,427
370,428
370,429
370,430
370,431
370,432
370,433
370,434
370,435
370,436
370,437
370,438
370,439
370,440
370,441
370,442
370,443
370,444
370,445
370,446
370,447
370,448
370,449
370,450
370,451
370,452
370,453
370,454
370,455
370,456
370,457
370,458
370,459
370,461
370,463
370,464
370,465
370,466
370,467
370,468
370,469
370,470
370,471
370,472
370,473
370,474
371,382
371,383
371,384
371,385
371,386
371,387
371,388
371,389
371,390
371,392
371,393
371,394
371,395
371,396
371,397
371,398
371,399
371,400
371,401
371,402
371,403
371,404
371,405
371,406
371,408
371,409
371,410
371,411
371,412
371,413
371,414
371,415
371,416
371,417
371,418
371,419
371,420
371,421
371,422
371,423
371,424
371,425
371,426
371,427
371,428
371,429
371,430
371,431
371,432
371,433
371,434
371,435
371,436
371,437
371,438
371,439
371,440
371,441
371,442
371,443
371,444
371,445
371,446
371,447
371,448
371,449
371,450
371,451
371,452
371,453
371,454
371,455
371,456
371,457
371,458
371,459
371,460
371,461
371,462
371,463
371,464
371,465
371,466
371,467
371,468
371,469
371,470
371,471
371,472
371,473
371,474
371,475
372,383
372,384
372,385
372,386
372,387
372,388
372,389
372,390
372,391
372,392
372,393
372,394
372,395
372,396
372,397
372,398
372,399
372,400
372,401
372,402
372,403
372,404
372,405
372,406
372,407
372,408
372,409
372,410
372,411
372,412
372,413
372,414
372,415
372,416
372,417
372,418
372,419
372,420
372,421
372,422
372,423
372,424
372,425
372,426
372,427
372,428
372,429
372,430
372,431
372,432
372,433
372,434
372,435
372,436
372,437
372,438
372,439
372,440
372,441
372,442
372,443
372,444
372,445
372,446
372,447
372,448
372,449
372,450
372,451
372,452
372,453
372,454
372,455
372,456
372,457
372,458
372,459
372,460
372,461
372,462
372,463
372,464
372,465
372,466
372,467
372,468
372,469
372,470
372,471
372,472
372,473
372,474
372,475
372,476
372,479
372,480
372,481
373,383
373,384
373,385
373,386
373,387
373,388
373,389
373,390
373,391
373,392
373,393
373,394
373,395
373,396
373,397
373,398
373,399
373,400
373,401
373,403
373,404
373,405
373,406
373,407
373,408
373,409
373,410
373,411
373,412
373,413
373,414
373,415
373,416
373,417
373,418
373,419
373,420
373,421
373,422
373,423
373,424
373,425
373,426
373,427
373,428
373,429
373,430
373,431
373,432
373,433
373,434
373,435
373,436
373,437
373,438
373,439
373,440
373,441
373,442
373,443
373,444
373,445
373,446
373,447
373,448
373,449
373,450
373,451
373,452
373,453
373,454
373,455
373,456
373,457
373,458
373,459
373,460
373,461
373,462
373,463
373,464
373,465
373,466
373,467
373,468
373,469
373,470
373,471
373,472
373,473
373,474
373,475
373,476
373,478
373,479
373,480
373,481
373,486
374,383
374,384
374,385
374,386
374,387
374,388
374,389
374,390
374,391
374,392
374,393
374,394
374,395
374,396
374,397
374,398
374,399
374,400
374,401
374,402
374,403
374,404
374,405
374,406
374,407
374,408
374,409
374,410
374,411
374,412
374,413
374,414
374,415
374,416
374,417
374,418
374,419
374,420
374,421
374,422
374,423
374,424
374,425
374,426
374,427
374,428
374,429
374,430
374,431
374,432
374,433
374,434
374,435
374,436
374,437
374,438
374,439
374,440
374,441
374,442
374,443
374,444
374,445
374,446
374,447
374,448
374,449
374,450
374,451
374,452
374,453
374,454
374,455
374,456
374,457
374,458
374,459
374,460
374,462
374,463
374,464
374,465
374,466
374,467
374,468
374,469
374,470
374,471
374,472
374,473
374,474
374,475
374,476
374,477
374,478
374,479
374,480
374,481
374,482
374,486
374,494
375,383
375,386
375,387
375,388
375,389
375,390
375,391
375,392
375,393
375,394
375,395
375,396
375,397
375,398
375,399
375,400
375,401
375,402
375,403
375,404
375,405
375,406
375,407
375,408
375,409
375,410
375,411
375,412
375,413
375,414
375,415
375,426
375,427
375,428
375,429
375,430
375,431
375,432
375,433
375,434
375,435
375,436
375,437
375,438
375,439
375,440
375,441
375,442
375,443
375,444
375,445
375,446
375,447
375,448
375,449
375,450
375,451
375,452
375,453
375,454
375,455
375,456
375,457
375,458
375,459
375,460
375,462
375,463
375,464
375,465
375,466
375,467
375,468
375,469
375,470
375,471
375,472
375,473
375,474
375,475
375,476
375,477
375,478
375,479
375,480
375,481
375,482
375,483
375,485
375,486
375,487
375,488
375,489
375,490
375,491
375,492
375,493
375,494
375,495
375,496
375,497
375,500
376,386
376,387
376,388
376,389
376,390
376,391
376,392
376,393
376,394
376,395
376,396
376,397
376,398
376,399
376,400
376,401
376,402
376,403
376,404
376,405
376,406
376,407
376,408
376,409
376,410
376,411
376,412
376,413
376,414
376,415
376,416
376,426
376,427
376,428
376,429
376,430
376,431
376,432
376,433
376,434
376,435
376,436
376,437
376,438
376,439
376,440
376,441
376,442
376,444
376,445
376,446
376,447
376,448
376,449
376,450
376,451
376,452
376,453
376,454
376,455
376,456
376,457
376,458
376,460
376,462
376,463
376,464
376,465
376,466
376,467
376,468
376,469
376,470
376,471
376,472
376,473
376,474
376,475
376,476
376,477
376,478
376,479
376,481
376,482
376,483
376,484
376,485
376,486
376,487
376,488
376,489
376,490
376,491
376,492
376,493
376,494
376,495
376,496
376,497
376,498
376,499
376,500
376,507
377,388
377,389
377,390
377,391
377,392
377,393
377,394
377,395
377,396
377,397
377,398
377,399
377,400
377,401
377,402
377,403
377,404
377,405
377,406
377,407
377,408
377,409
377,410
377,411
377,412
377,413
377,414
377,427
377,428
377,429
377,430
377,433
377,434
377,435
377,436
377,437
377,438
377,439
377,440
377,441
377,445
377,446
377,447
377,448
377,449
377,450
377,451
377,452
377,453
377,454
377,455
377,456
377,457
377,460
377,461
377,462
377,463
377,464
377,465
377,466
377,467
377,468
377,469
377,470
377,471
377,472
377,473
377,474
377,475
377,476
377,482
377,483
377,484
377,485
377,486
377,487
377,488
377,497
377,498
377,499
377,500
377,501
377,502
377,507
378,387
378,388
378,389
378,390
378,391
378,392
378,393
378,394
378,395
378,396
378,397
378,398
378,399
378,400
378,401
378,402
378,403
378,404
378,405
378,406
378,407
378,408
378,409
378,410
378,411
378,412
378,413
378,414
378,428
378,429
378,438
378,439
378,440
378,441
378,442
378,443
378,444
378,445
378,446
378,447
378,448
378,449
378,450
378,451
378,452
378,453
378,454
378,455
378,456
378,457
378,461
378,462
378,463
378,464
378,465
378,466
378,467
378,468
378,469
378,470
378,471
378,472
378,473
378,474
378,475
378,476
378,480
378,481
378,482
378,483
378,484
378,485
378,486
378,487
378,488
378,496
378,497
378,498
378,499
378,500
378,501
378,502
378,503
378,505
378,506
378,507
378,509
378,510
379,389
379,390
379,391
379,392
379,393
379,394
379,395
379,396
379,397
379,398
379,399
379,400
379,401
379,402
379,403
379,404
379,405
379,406
379,407
379,408
379,409
379,410
379,411
379,412
379,413
379,414
379,415
379,439
379,445
379,446
379,447
379,448
379,449
379,450
379,451
379,452
379,453
379,454
379,455
379,456
379,457
379,459
379,460
379,461
379,462
379,463
379,464
379,465
379,466
379,467
379,468
379,469
379,470
379,471
379,472
379,474
379,475
379,476
379,477
379,484
379,485
379,486
379,487
379,488
379,489
379,496
379,497
379,499
379,500
379,501
379,502
379,503
379,504
379,505
379,506
379,507
379,508
379,509
379,510
380,390
380,391
380,392
380,393
380,394
380,395
380,396
380,398
380,399
380,400
380,401
380,402
380,403
380,404
380,405
380,406
380,407
380,408
380,409
380,410
380,411
380,412
380,413
380,414
380,415
380,450
380,451
380,452
380,453
380,454
380,455
380,456
380,457
380,458
380,459
380,460
380,461
380,462
380,463
380,464
380,465
380,466
380,467
380,468
380,469
380,470
380,471
380,472
380,475
380,476
380,477
380,485
380,486
380,487
380,488
380,489
380,499
380,500
380,501
380,502
380,503
380,504
380,505
380,506
380,507
380,508
380,509
380,510
381,391
381,392
381,393
381,398
381,399
381,400
381,401
381,402
381,403
381,404
381,405
381,406
381,407
381,408
381,409
381,410
381,411
381,412
381,413
381,414
381,415
381,454
381,455
381,456
381,457
381,458
381,459
381,460
381,461
381,462
381,463
381,464
381,465
381,466
381,467
381,468
381,469
381,470
381,471
381,472
381,473
381,474
381,475
381,476
381,487
381,489
381,490
381,491
381,501
381,502
381,503
381,504
381,505
381,506
381,507
381,508
381,509
381,510
382,390
382,391
382,392
382,393
382,394
382,396
382,397
382,398
382,399
382,400
382,401
382,402
382,404
382,405
382,406
382,407
382,408
382,409
382,410
382,411
382,412
382,413
382,414
382,415
382,456
382,457
382,458
382,459
382,460
382,461
382,462
382,463
382,464
382,465
382,466
382,467
382,468
382,469
382,470
382,471
382,472
382,473
382,474
382,475
382,476
382,489
382,490
382,491
382,492
382,501
382,502
382,503
382,504
382,505
382,506
382,507
382,508
383,391
383,392
383,393
383,394
383,395
383,396
383,397
383,398
383,399
383,400
383,401
383,409
383,410
383,411
383,412
383,413
383,414
383,415
383,457
383,458
383,459
383,465
383,466
383,467
383,468
383,469
383,470
383,471
383,472
383,473
383,474
383,475
383,476
383,477
383,489
383,491
383,492
383,501
383,502
383,503
383,504
383,505
383,506
383,507
383,508
384,394
384,395
384,396
384,397
384,398
384,399
384,400
384,401
384,411
384,412
384,413
384,414
384,415
384,416
384,467
384,468
384,469
384,470
384,471
384,472
384,473
384,474
384,475
384,476
384,477
384,478
384,491
384,492
384,501
384,502
384,503
384,504
384,505
384,506
384,507
384,508
384,509
385,393
385,394
385,395
385,396
385,397
385,398
385,399
385,400
385,411
385,412
385,414
385,415
385,416
385,466
385,467
385,468
385,469
385,470
385,471
385,472
385,473
385,474
385,475
385,476
385,477
385,478
385,501
385,502
385,503
385,504
385,505
386,394
386,395
386,396
386,397
386,398
386,399
386,400
386,414
386,415
386,416
386,417
386,418
386,468
386,469
386,470
386,471
386,472
386,473
386,474
386,475
386,476
386,477
386,478
386,501
386,502
386,503
386,504
386,505
387,394
387,395
387,396
387,397
387,398
387,399
387,400
387,401
387,414
387,415
387,416
387,417
387,418
387,419
387,468
387,469
387,470
387,471
387,472
387,473
387,474
387,475
387,476
387,477
387,478
387,479
387,503
388,395
388,396
388,397
388,398
388,399
388,400
388,401
388,413
388,414
388,415
388,416
388,417
388,418
388,419
388,468
388,469
388,470
388,471
388,472
388,473
388,474
388,475
388,476
388,477
388,478
388,479
388,480
388,502
388,503
389,395
389,396
389,397
389,398
389,399
389,400
389,401
389,414
389,415
389,416
389,417
389,418
389,419
389,468
389,469
389,470
389,471
389,472
389,473
389,474
389,475
389,476
389,477
389,478
389,479
389,480
389,481
389,502
389,503
390,395
390,396
390,397
390,398
390,399
390,400
390,401
390,469
390,470
390,471
390,472
390,473
390,474
390,475
390,476
390,477
390,478
390,479
390,480
390,481
390,482
390,483
391,398
391,399
391,400
391,401
391,471
391,472
391,473
391,474
391,475
391,476
391,477
391,478
391,479
391,480
391,481
391,482
392,398
392,399
392,400
392,401
392,402
392,479
392,480
392,481
392,482
392,483
392,484
392,485
393,398
393,399
393,400
393,401
393,480
393,481
393,482
393,483
393,484
393,485
393,486
394,399
394,479
394,480
394,481
394,482
394,483
394,484
394,485
394,486
394,487
395,479
395,480
395,481
395,482
395,483
395,485
395,486
395,487
395,488
395,489
396,479
396,480
396,481
396,482
396,483
396,484
396,485
396,486
396,487
396,488
396,489
396,502
396,503
396,505
397,479
397,480
397,481
397,482
397,483
397,484
397,485
397,486
397,487
397,488
397,489
397,490
397,497
397,498
397,501
397,502
397,503
397,504
397,505
397,509
397,510
397,511
397,512
398,481
398,482
398,483
398,484
398,485
398,486
398,487
398,488
398,489
398,490
398,491
398,492
398,493
398,494
398,495
398,496
398,497
398,498
398,499
398,500
398,501
398,502
398,503
398,504
398,505
398,506
398,508
398,509
398,510
398,511
398,512
398,513
398,514
398,515
398,516
399,483
399,484
399,485
399,486
399,487
399,488
399,489
399,490
399,491
399,492
399,493
399,494
399,495
399,496
399,497
399,498
399,499
399,501
399,502
399,503
399,504
399,505
399,506
399,507
399,508
399,509
399,510
399,511
399,512
399,513
399,514
400,483
400,484
400,485
400,486
400,487
400,488
400,489
400,490
400,491
400,492
400,493
400,494
400,495
400,496
400,497
400,498
400,499
400,500
400,501
400,502
400,503
400,504
400,505
400,506
400,507
400,508
400,509
400,510
400,511
400,512
400,513
400,514
401,485
401,486
401,487
401,488
401,489
401,490
401,492
401,493
401,494
401,495
401,496
401,497
401,498
401,499
401,500
401,501
401,502
401,503
401,504
401,505
401,506
401,507
401,508
401,509
401,510
401,511
401,512
401,513
401,514
402,485
402,486
402,487
402,495
402,496
402,497
402,498
402,499
402,500
402,501
402,502
402,503
402,504
402,505
402,506
402,507
402,508
402,509
402,510
402,511
402,512
402,513
402,514
403,495
403,496
403,497
403,498
403,499
403,500
403,501
403,502
403,503
403,504
403,505
403,506
403,507
403,508
403,509
403,510
403,511
404,496
404,497
404,498
404,499
404,500
404,501
404,502
404,503
404,504
404,505
404,506
404,507
404,508
404,509
404,510
405,497
405,498
405,499
405,500
405,501
405,502
405,503
405,504
405,505
405,506
405,507
405,508
405,509
405,510
406,499
406,500
406,501
406,502
406,503
406,504
406,505
406,506
406,507
406,508
406,509
406,510
407,499
407,500
407,501
407,502
407,503
407,504
407,505
407,506
407,507
407,508
407,509
408,502
408,504
408,505
