0,0
180,454
181,419
183,454
183,455
185,387
186,385
187,449
188,451
190,447
191,384
191,447
194,369
195,318
195,354
195,379
195,391
196,371
199,385
201,268
201,378
201,451
205,367
205,398
207,368
209,385
209,497
211,290
211,376
212,387
213,401
215,383
216,276
216,303
217,257
217,306
217,367
217,380
217,462
218,379
219,253
219,384
219,457
220,375
220,405
220,441
220,467
221,240
222,261
222,433
223,371
224,364
224,378
224,425
225,377
226,299
226,426
228,277
228,453
229,299
229,369
230,370
233,363
233,426
234,332
235,300
236,236
236,324
236,374
237,391
238,435
239,438
240,240
240,406
241,213
241,314
242,289
242,305
242,316
242,408
243,432
244,197
244,203
244,296
244,433
245,295
245,297
245,351
245,352
245,371
246,324
246,357
246,432
246,466
248,269
248,308
248,459
249,331
250,225
250,314
251,434
251,553
252,183
252,320
252,370
253,230
253,382
253,386
253,440
256,298
256,315
257,478
258,360
258,492
259,171
259,248
259,335
259,414
259,418
259,426
261,223
262,176
262,242
262,295
262,369
262,388
262,428
262,464
263,256
263,304
263,365
263,371
264,249
264,328
264,332
264,409
265,254
265,257
265,300
265,311
266,221
266,252
266,274
266,415
266,473
267,180
267,391
267,497
268,252
268,262
268,276
268,299
268,337
268,486
269,257
269,264
269,405
269,417
270,189
270,259
270,262
270,266
270,267
270,269
270,368
270,369
271,235
271,352
271,410
272,189
272,251
272,365
273,288
273,365
273,373
273,400
274,410
274,422
275,240
275,338
275,350
275,359
275,398
276,344
276,462
277,240
277,312
277,395
278,322
278,395
278,434
279,268
279,275
279,286
279,370
279,435
279,462
279,485
280,288
280,328
280,428
280,471
281,305
281,367
281,467
282,255
282,259
282,283
282,324
282,459
282,472
283,225
283,288
283,339
283,371
283,436
283,473
284,297
284,408
284,576
285,291
285,363
285,442
285,543
286,295
286,431
286,502
286,560
287,301
287,308
287,390
287,437
287,446
287,578
288,356
288,407
288,491
288,494
289,162
289,420
289,427
289,446
290,286
290,318
290,421
290,567
291,321
291,372
291,435
291,548
292,429
292,435
293,264
293,446
293,469
293,541
294,164
294,264
294,273
294,304
294,308
294,363
294,376
294,412
294,425
294,436
294,437
294,458
294,570
295,234
295,288
295,327
295,435
296,388
296,410
296,425
296,428
296,434
296,458
296,543
297,239
297,284
297,375
297,497
297,508
297,536
298,407
298,514
298,553
298,570
299,270
299,272
299,315
299,367
299,432
299,440
299,446
299,531
300,347
300,363
300,406
300,411
300,425
300,510
300,525
301,275
301,278
301,286
301,335
301,359
301,372
301,470
302,339
302,342
302,345
302,377
302,471
302,522
302,548
302,551
302,574
303,346
303,500
303,545
303,571
304,362
304,416
304,457
304,478
304,551
304,571
305,327
305,415
305,448
305,449
305,450
305,454
305,552
306,264
306,402
306,431
306,461
306,466
306,468
306,531
306,559
307,468
307,474
307,540
307,542
307,553
308,285
308,314
308,376
308,382
308,451
308,455
308,501
308,507
308,521
308,535
308,539
308,549
309,249
309,298
309,378
309,384
309,401
309,464
309,517
310,262
310,339
310,415
310,464
310,501
310,534
310,536
310,545
311,260
311,429
311,512
311,525
312,295
312,299
312,498
312,526
312,529
313,222
313,403
313,470
313,480
313,520
313,531
314,274
314,294
314,356
314,377
314,441
314,445
314,462
314,472
314,473
314,493
314,527
314,531
314,552
315,268
315,318
315,345
315,431
315,504
315,554
316,240
316,398
316,429
316,470
316,490
316,493
316,496
316,524
317,204
317,229
317,324
317,335
317,443
317,505
317,528
317,561
318,227
318,304
318,421
318,494
318,495
318,505
318,510
318,511
319,350
319,370
319,438
319,443
319,464
319,472
319,505
319,513
319,525
319,619
320,180
320,188
320,223
320,233
320,234
320,237
320,273
320,291
320,317
320,484
320,491
320,492
320,533
320,534
321,237
321,289
321,304
321,375
321,437
321,482
321,487
321,515
321,559
322,177
322,187
322,188
322,245
322,259
322,295
322,324
322,375
322,420
322,461
322,483
322,505
322,506
322,508
322,540
322,575
322,602
323,185
323,235
323,434
323,444
323,481
323,498
323,542
323,564
323,576
324,146
324,148
324,181
324,186
324,188
324,262
324,266
324,277
324,335
324,347
324,377
324,389
324,407
324,410
324,416
324,426
324,438
324,555
325,192
325,217
325,219
325,259
325,323
325,334
325,369
325,372
325,432
325,487
325,500
325,506
326,150
326,169
326,173
326,181
326,226
326,252
326,333
326,349
326,383
326,399
326,411
326,530
327,132
327,136
327,137
327,140
327,167
327,170
327,172
327,182
327,217
327,225
327,253
327,262
327,290
327,317
327,349
327,418
327,431
327,450
327,460
327,494
327,512
327,528
327,584
328,177
328,179
328,196
328,238
328,263
328,306
328,340
328,451
328,490
328,533
328,561
328,601
329,154
329,180
329,188
329,265
329,307
329,310
329,317
329,358
329,367
329,402
329,414
329,430
329,500
329,502
329,526
329,569
330,188
330,206
330,223
330,266
330,270
330,311
330,323
330,329
330,366
330,404
330,430
330,438
330,473
330,508
330,512
330,531
330,557
331,195
331,196
331,213
331,220
331,223
331,238
331,258
331,269
331,294
331,324
331,366
331,395
331,436
331,437
331,448
331,456
331,526
331,527
331,528
331,530
331,535
331,537
331,554
332,162
332,187
332,197
332,216
332,223
332,272
332,280
332,290
332,418
332,429
332,464
332,529
333,260
333,289
333,298
333,320
333,325
333,335
333,336
333,409
333,468
333,507
333,515
333,563
334,125
334,201
334,217
334,256
334,257
334,266
334,337
334,375
334,403
334,409
334,410
334,417
334,435
334,436
334,442
334,498
334,500
334,504
334,551
335,163
335,190
335,213
335,232
335,243
335,257
335,277
335,348
335,353
335,357
335,465
335,511
335,603
336,257
336,259
336,304
336,335
336,345
336,365
336,476
336,561
336,563
336,591
337,182
337,205
337,271
337,284
337,330
337,506
337,517
337,556
337,558
337,563
337,567
337,597
337,606
338,145
338,195
338,293
338,361
338,391
338,400
338,422
338,423
338,471
338,476
338,492
338,508
338,550
338,574
339,139
339,179
339,185
339,212
339,296
339,311
339,339
339,369
339,391
339,399
339,400
339,428
339,458
339,469
339,543
339,549
339,568
339,571
339,576
339,579
339,591
340,122
340,168
340,171
340,193
340,248
340,278
340,317
340,406
340,432
340,449
340,472
340,505
340,541
340,549
340,558
340,559
340,587
340,607
341,178
341,191
341,299
341,315
341,392
341,393
341,441
341,453
341,478
341,486
341,498
341,519
341,531
341,578
341,581
341,582
341,585
341,586
341,612
342,127
342,164
342,186
342,188
342,200
342,228
342,258
342,295
342,308
342,389
342,398
342,405
342,438
342,466
342,495
342,502
342,505
342,506
342,519
342,582
343,110
343,115
343,125
343,167
343,176
343,180
343,189
343,232
343,238
343,307
343,322
343,325
343,384
343,385
343,418
343,426
343,428
343,443
343,445
343,466
343,496
343,524
343,580
344,117
344,121
344,128
344,131
344,151
344,167
344,172
344,184
344,189
344,224
344,268
344,305
344,306
344,314
344,345
344,494
344,522
344,533
344,540
344,605
345,101
345,159
345,196
345,198
345,206
345,251
345,283
345,293
345,299
345,301
345,346
345,380
345,426
345,431
345,472
345,484
345,505
345,514
346,115
346,116
346,124
346,125
346,129
346,130
346,147
346,151
346,223
346,250
346,276
346,300
346,330
346,373
346,382
346,398
346,454
346,492
346,495
346,511
346,562
346,563
346,578
347,115
347,122
347,125
347,133
347,136
347,151
347,158
347,183
347,185
347,188
347,203
347,216
347,234
347,241
347,278
347,445
347,491
347,532
347,551
347,558
347,570
347,589
348,125
348,155
348,176
348,177
348,187
348,199
348,281
348,283
348,301
348,305
348,316
348,325
348,371
348,398
348,469
348,542
348,543
348,610
349,86
349,87
349,88
349,101
349,123
349,137
349,188
349,189
349,191
349,222
349,268
349,288
349,295
349,297
349,403
349,409
349,416
349,427
349,441
349,464
350,99
350,124
350,127
350,131
350,143
350,147
350,195
350,279
350,294
350,321
350,373
350,406
350,409
350,430
350,433
350,463
350,482
350,495
350,610
351,84
351,87
351,91
351,99
351,100
351,101
351,103
351,120
351,122
351,127
351,130
351,137
351,144
351,160
351,177
351,186
351,188
351,198
351,202
351,230
351,238
351,239
351,250
351,287
351,290
351,301
351,305
351,308
351,312
351,339
351,369
351,394
351,407
352,86
352,87
352,91
352,103
352,111
352,123
352,126
352,127
352,138
352,166
352,193
352,200
352,207
352,228
352,329
352,379
352,384
352,392
352,412
352,420
352,424
352,436
352,455
352,481
353,84
353,85
353,86
353,92
353,94
353,114
353,152
353,158
353,174
353,188
353,210
353,231
353,253
353,384
353,401
353,409
353,423
353,459
353,495
354,84
354,101
354,106
354,107
354,110
354,113
354,115
354,129
354,140
354,151
354,154
354,161
354,167
354,180
354,185
354,196
354,236
354,318
354,357
354,397
354,438
354,484
354,520
355,102
355,103
355,104
355,108
355,110
355,125
355,140
355,146
355,152
355,156
355,160
355,169
355,184
355,186
355,189
355,200
355,206
355,388
355,391
355,421
355,424
355,449
355,451
355,533
355,597
356,99
356,100
356,110
356,112
356,120
356,127
356,131
356,132
356,135
356,137
356,138
356,166
356,199
356,208
356,222
356,259
356,279
356,285
356,380
356,381
356,394
356,434
356,463
356,567
357,102
357,106
357,107
357,110
357,117
357,119
357,123
357,126
357,127
357,129
357,130
357,132
357,133
357,135
357,136
357,140
357,167
357,171
357,173
357,219
357,383
357,399
357,420
357,432
357,497
358,106
358,110
358,111
358,112
358,117
358,119
358,120
358,127
358,130
358,143
358,166
358,178
358,180
358,190
358,199
358,291
358,400
358,410
358,411
358,413
358,434
358,473
358,530
358,623
359,96
359,100
359,104
359,106
359,108
359,116
359,128
359,135
359,151
359,168
359,196
359,214
359,227
359,293
359,331
359,362
359,369
359,398
359,405
359,427
359,454
359,456
359,488
359,508
360,95
360,100
360,102
360,112
360,118
360,120
360,124
360,135
360,140
360,180
360,247
360,263
360,298
360,420
360,424
360,453
360,468
360,479
360,530
360,548
361,74
361,88
361,96
361,107
361,109
361,110
361,121
361,123
361,135
361,137
361,147
361,160
361,171
361,220
361,225
361,460
361,477
361,532
362,91
362,98
362,99
362,114
362,118
362,128
362,129
362,135
362,136
362,138
362,161
362,173
362,215
362,216
362,258
362,269
362,274
362,285
362,291
362,321
362,374
362,388
362,431
362,459
362,472
362,504
363,95
363,101
363,102
363,105
363,112
363,113
363,117
363,121
363,126
363,133
363,136
363,165
363,176
363,187
363,191
363,216
363,246
363,294
363,391
363,426
363,427
363,440
363,515
363,607
364,88
364,93
364,101
364,112
364,117
364,132
364,144
364,174
364,237
364,314
364,400
364,440
364,457
364,470
364,479
364,499
364,512
364,513
365,83
365,98
365,99
365,108
365,110
365,114
365,122
365,131
365,132
365,143
365,153
365,361
365,385
365,390
365,396
365,412
365,460
365,473
365,511
366,95
366,96
366,98
366,105
366,107
366,116
366,121
366,133
366,148
366,178
366,202
366,262
366,372
366,394
366,434
366,479
367,73
367,89
367,94
367,99
367,100
367,101
367,103
367,104
367,111
367,112
367,115
367,119
367,127
367,166
367,192
367,278
367,407
367,442
367,454
367,455
367,502
367,514
368,73
368,86
368,91
368,98
368,100
368,104
368,111
368,128
368,302
368,388
368,400
368,452
368,471
368,550
369,78
369,83
369,84
369,98
369,100
369,111
369,112
369,303
369,304
369,469
370,81
370,89
370,98
370,103
370,105
370,219
370,243
370,271
370,432
370,440
370,485
370,531
370,532
370,568
370,597
371,66
371,79
371,80
371,86
371,90
371,100
371,213
371,323
371,335
371,384
371,394
371,405
371,545
372,70
372,88
372,90
372,91
372,96
372,98
372,100
372,405
372,411
372,441
372,457
372,458
372,473
372,506
373,83
373,85
373,86
373,87
373,88
373,89
373,91
373,97
373,271
373,356
373,432
373,535
374,77
374,79
374,89
374,169
374,256
374,279
374,405
374,478
374,510
374,524
374,566
375,77
375,78
375,80
375,86
375,89
375,204
375,266
375,346
375,364
375,441
375,480
375,489
375,491
375,533
376,77
376,88
376,89
376,273
376,274
376,304
376,354
376,397
376,404
376,409
376,412
376,432
376,449
376,456
376,457
376,469
376,488
376,497
376,514
376,579
377,80
377,90
377,251
377,271
377,298
377,345
377,377
377,407
377,450
377,480
377,521
377,553
377,567
378,202
378,347
378,473
378,494
378,506
379,286
379,406
379,441
379,463
379,497
380,146
380,196
380,264
380,310
380,358
380,366
380,368
380,377
380,383
380,405
380,470
380,482
380,490
380,493
381,354
381,411
381,456
381,480
381,496
381,514
381,535
382,331
382,375
382,398
382,430
382,489
382,564
383,165
383,415
383,500
383,532
384,350
384,395
384,468
384,489
384,491
384,494
384,593
385,309
385,351
385,381
385,385
385,432
385,473
385,569
385,585
386,283
386,301
386,339
386,349
386,375
386,456
386,461
386,478
386,506
387,228
387,253
387,315
387,328
387,359
387,369
387,469
387,483
387,500
388,242
388,261
388,392
388,468
389,373
389,469
390,112
390,245
390,297
390,303
390,361
390,463
391,383
391,388
391,400
391,435
391,499
391,503
392,212
392,266
392,342
392,350
392,438
393,147
393,315
393,389
393,551
394,252
394,474
394,499
395,262
395,371
395,412
395,419
395,535
396,223
396,308
396,507
397,151
397,209
397,366
397,386
397,487
398,322
398,335
398,358
398,391
398,392
398,497
398,535
399,248
399,250
399,296
399,333
399,335
399,353
399,387
399,408
399,416
399,419
399,455
399,533
400,243
400,370
400,380
400,396
400,424
400,500
400,531
401,191
401,209
401,271
401,329
401,339
401,404
401,439
401,515
401,559
402,199
402,208
402,375
402,406
402,419
402,452
403,129
403,366
403,441
403,526
403,547
403,548
404,224
404,273
404,299
404,319
404,344
404,363
404,411
404,531
404,547
404,558
405,197
405,243
405,246
405,371
405,495
405,544
405,558
406,199
406,383
406,392
406,457
407,171
407,191
407,198
407,269
407,270
407,502
407,556
408,174
408,452
408,455
408,471
408,497
408,563
409,179
409,188
409,210
409,348
409,469
409,476
409,500
409,572
410,257
410,286
410,294
410,319
410,338
410,500
410,569
411,306
411,341
411,463
411,585
412,162
412,203
412,219
412,376
412,442
412,470
412,496
413,190
413,291
413,341
413,378
413,440
413,445
413,496
413,508
413,511
413,528
413,554
413,560
413,571
414,203
414,292
414,322
414,370
414,415
414,479
414,579
415,357
415,436
415,442
415,497
415,504
415,516
415,590
416,209
416,287
416,394
416,439
416,511
417,512
417,516
418,145
418,186
418,447
418,511
418,518
418,542
418,546
419,100
419,390
419,396
419,468
419,504
419,510
419,595
420,337
420,377
420,444
420,470
420,524
420,526
420,552
420,591
421,250
421,447
421,503
421,505
421,519
421,559
421,563
422,223
422,290
422,319
422,455
422,505
422,510
422,534
423,175
423,435
423,521
423,535
423,536
423,540
423,544
423,575
424,219
424,285
424,376
424,449
424,526
424,589
425,383
425,394
425,468
425,476
425,483
425,573
426,381
426,388
426,518
427,288
427,294
427,338
427,359
427,448
427,480
427,512
428,315
428,418
428,443
428,444
428,446
428,447
428,449
428,453
428,454
428,480
428,487
428,515
428,564
428,565
428,572
429,159
429,284
429,326
429,395
429,515
430,452
430,475
430,480
430,482
430,507
430,530
431,340
431,405
431,474
431,499
432,236
432,313
432,324
432,332
432,407
432,470
432,478
432,491
433,329
433,359
433,470
433,546
434,178
434,392
434,419
434,503
434,520
435,173
435,336
435,521
436,313
436,509
436,526
436,535
437,273
437,309
437,371
437,378
437,501
437,534
438,233
438,314
438,468
438,480
438,519
438,528
439,332
439,410
439,476
439,488
439,500
439,505
439,516
440,320
440,326
440,358
440,453
440,517
441,299
441,352
441,487
441,490
442,299
442,531
443,306
443,489
443,505
443,507
443,525
444,304
444,368
444,404
444,475
444,515
445,358
445,472
445,487
445,490
445,497
446,276
446,360
446,510
447,311
447,333
447,369
447,401
447,467
447,509
448,318
448,506
448,512
448,521
449,455
449,509
449,514
450,315
450,420
450,506
450,509
450,512
451,293
451,342
451,486
451,508
451,535
452,237
452,370
452,506
452,516
452,524
453,415
453,480
453,512
453,513
454,314
454,331
454,494
454,531
454,546
455,314
455,335
455,531
456,317
456,330
456,403
456,485
456,515
457,318
457,338
457,373
457,488
457,493
457,497
457,522
457,549
458,521
459,299
459,418
459,491
459,496
459,499
459,501
459,514
459,518
459,521
460,358
460,376
460,521
460,539
462,368
462,369
462,390
462,415
462,495
462,496
462,499
462,520
462,522
463,237
463,488
463,493
463,495
463,498
464,386
464,499
464,505
464,520
464,559
465,282
465,510
465,515
465,519
466,317
466,497
466,513
467,286
467,318
467,380
467,396
467,509
467,517
468,512
468,526
469,298
469,300
469,329
469,499
470,397
471,303
471,305
471,397
471,497
471,515
471,529
472,433
472,490
472,513
472,517
472,533
473,307
473,500
473,501
473,508
473,526
473,527
474,192
474,396
474,399
474,490
474,520
475,319
475,493
475,501
476,253
476,293
476,298
476,520
477,502
477,517
478,258
478,496
478,502
478,530
479,319
479,322
479,325
479,382
479,396
480,274
480,296
480,300
480,501
481,321
482,270
482,293
482,525
483,295
483,314
483,520
483,541
484,504
485,365
485,406
485,502
486,228
486,290
486,294
486,393
487,296
487,308
487,313
487,314
487,365
487,390
487,510
488,210
488,305
488,532
489,216
489,311
489,314
489,364
489,391
489,397
490,217
490,262
490,312
490,532
491,312
491,314
491,319
491,389
492,308
492,310
492,316
493,215
493,283
493,302
493,304
493,306
493,310
493,312
493,314
494,260
494,305
494,308
494,320
494,325
495,302
495,311
495,364
495,390
496,224
496,267
496,297
496,299
496,312
496,497
497,295
497,297
497,300
497,304
497,308
497,373
497,399
498,278
498,296
498,302
498,304
498,308
498,312
498,497
498,507
499,293
499,296
499,297
499,298
499,301
499,302
499,305
499,390
499,497
500,310
500,311
500,319
500,322
500,498
501,291
501,294
501,297
501,299
501,301
501,302
501,303
501,305
501,311
501,321
501,373
502,286
502,291
502,307
502,308
502,309
502,502
503,290
503,293
503,294
503,302
503,389
503,391
504,220
504,293
504,298
504,301
504,303
504,307
504,319
504,390
505,297
505,298
505,302
505,306
505,307
505,316
506,291
506,292
506,295
506,297
506,300
506,303
506,310
508,297
508,300
508,303
508,310
508,311
508,315
509,290
509,292
509,296
509,297
509,299
509,303
509,304
509,307
509,309
509,311
510,294
510,304
510,305
510,307
511,284
511,302
511,305
511,308
511,310
511,312
511,457
512,286
512,289
512,297
512,304
512,312
513,283
513,284
513,285
513,287
513,289
513,296
513,300
513,302
513,305
513,310
513,314
513,332
514,279
514,280
514,281
514,283
514,284
514,286
514,287
514,293
514,294
514,298
514,302
514,304
514,309
514,310
515,277
515,279
515,280
515,284
515,285
515,287
515,290
515,297
515,301
515,315
515,324
516,277
516,278
516,280
516,283
516,284
516,285
516,287
516,291
516,304
516,305
516,308
516,314
517,276
517,277
517,279
517,281
517,282
517,283
517,285
517,286
517,287
517,288
517,291
517,292
517,296
517,297
517,303
518,266
518,267
518,272
518,273
518,274
518,275
518,277
518,278
518,281
518,285
518,286
518,287
518,288
518,292
518,305
518,309
519,260
519,261
519,262
519,263
519,264
519,265
519,266
519,267
519,268
519,272
519,274
519,275
519,277
519,279
519,281
519,282
519,283
519,284
519,285
519,287
519,290
519,298
519,308
519,310
520,260
520,262
520,263
520,265
520,266
520,267
520,268
520,270
520,272
520,273
520,274
520,275
520,276
520,277
520,281
520,282
520,283
520,285
520,287
520,306
520,311
521,259
521,260
521,261
521,262
521,263
521,264
521,266
521,267
521,268
521,270
521,271
521,273
521,274
521,275
521,277
521,278
521,279
521,283
521,284
521,285
521,286
521,287
521,289
521,292
521,293
521,296
521,300
521,307
521,313
522,258
522,259
522,260
522,261
522,262
522,263
522,264
522,266
522,267
522,268
522,270
522,272
522,274
522,277
522,279
522,280
522,281
522,283
522,284
522,285
522,286
522,287
522,289
522,297
522,298
522,299
522,301
522,302
522,303
522,312
522,314
523,257
523,258
523,259
523,260
523,262
523,263
523,264
523,265
523,266
523,267
523,268
523,269
523,270
523,272
523,273
523,274
523,275
523,276
523,277
523,278
523,279
523,281
523,282
523,283
523,284
523,285
523,286
523,293
523,297
523,305
523,309
523,312
523,313
524,261
524,262
524,264
524,265
524,266
524,267
524,268
524,269
524,271
524,272
524,273
524,274
524,275
524,278
524,279
524,281
524,282
524,283
524,284
524,285
524,287
524,291
524,304
524,311
524,316
525,264
525,268
525,269
525,270
525,271
525,272
525,273
525,276
525,277
525,278
525,279
525,280
525,281
525,283
525,286
525,291
525,300
525,302
525,312
526,268
526,269
526,270
526,271
526,272
526,274
526,275
526,276
526,277
526,280
526,282
526,283
526,284
526,285
526,286
526,287
526,296
526,394
527,268
527,269
527,270
527,271
527,272
527,273
527,274
527,276
527,277
527,278
527,279
527,280
527,281
527,283
527,284
527,286
527,312
527,314
528,266
528,268
528,269
528,270
528,271
528,272
528,273
528,274
528,275
528,276
528,278
528,280
528,284
528,285
528,286
528,290
528,295
528,301
529,265
529,266
529,267
529,268
529,269
529,270
529,271
529,272
529,273
529,275
529,276
529,277
529,278
529,279
529,280
529,282
529,283
529,284
529,285
529,286
529,297
529,309
529,314
529,324
530,269
530,270
530,271
530,272
530,273
530,274
530,275
530,276
530,277
530,279
530,280
530,281
530,282
530,283
530,284
530,285
530,286
530,294
530,296
530,301
530,302
530,306
530,315
531,270
531,271
531,272
531,273
531,274
531,275
531,276
531,277
531,278
531,279
531,280
531,281
531,282
531,283
531,284
531,285
531,286
531,288
531,289
531,297
531,302
531,303
531,304
531,306
531,309
531,312
532,271
532,273
532,274
532,275
532,276
532,277
532,278
532,279
532,280
532,281
532,282
532,283
532,284
532,285
532,286
532,287
532,302
532,303
532,307
532,310
533,276
533,277
533,278
533,279
533,280
533,282
533,283
533,285
533,286
533,287
533,305
533,306
533,313
533,318
534,281
534,282
534,283
534,284
534,285
534,286
534,287
534,303
534,304
534,306
534,307
534,311
534,316
535,282
535,284
535,285
535,286
535,287
535,304
535,305
535,307
535,309
535,318
536,283
536,286
536,303
536,304
536,305
536,307
536,308
536,317
537,304
537,305
537,306
537,309
537,311
538,302
538,303
538,304
538,305
538,306
538,307
538,315
539,302
539,303
539,304
539,305
539,306
539,307
539,315
540,300
540,301
540,302
540,303
540,304
540,307
541,299
541,300
541,301
541,302
541,303
541,306
541,307
541,311
542,299
542,300
542,301
542,302
542,303
542,306
542,307
543,300
