0,0
242,409
242,410
243,407
243,408
243,409
243,410
244,410
245,410
246,409
246,410
246,411
246,412
247,407
247,408
247,409
247,410
247,411
247,412
248,407
248,408
248,409
248,410
248,411
248,412
249,407
249,408
249,409
249,410
249,411
249,412
249,413
249,414
250,406
250,407
250,408
250,409
250,410
250,411
250,412
250,413
250,414
251,407
251,408
251,409
251,410
251,411
251,412
251,413
251,414
251,415
251,416
252,406
252,407
252,408
252,409
252,410
252,411
252,412
252,413
252,414
252,415
252,416
253,406
253,407
253,408
253,409
253,410
253,411
253,412
253,413
253,414
253,415
253,416
253,417
254,406
254,407
254,408
254,409
254,410
254,411
254,412
254,413
254,414
254,415
254,416
254,417
254,418
254,419
255,406
255,407
255,408
255,409
255,410
255,411
255,412
255,413
255,414
255,415
255,416
255,417
255,418
255,419
256,406
256,407
256,408
256,409
256,410
256,411
256,412
256,413
256,414
256,415
256,416
256,417
256,418
257,406
257,407
257,408
257,409
257,410
257,411
257,412
257,413
257,414
257,415
257,416
257,417
257,418
258,406
258,407
258,408
258,409
258,410
258,411
258,412
258,413
258,414
258,415
258,416
258,417
258,418
259,405
259,406
259,407
259,408
259,409
259,410
259,411
259,412
259,413
259,414
259,415
259,416
259,417
259,418
260,406
260,407
260,408
260,409
260,410
260,411
260,412
260,413
260,414
260,415
260,416
260,417
260,418
261,407
261,408
261,409
261,410
261,411
261,412
261,413
261,414
261,415
262,404
262,405
262,406
262,407
262,408
262,409
262,410
262,411
262,412
262,413
262,414
262,415
262,416
262,417
263,403
263,404
263,405
263,406
263,407
263,408
263,409
263,410
263,411
263,412
263,413
263,414
263,415
263,416
263,417
263,418
263,419
263,420
263,425
264,403
264,404
264,405
264,406
264,407
264,408
264,409
264,410
264,411
264,412
264,413
264,414
264,415
264,416
264,417
264,418
264,419
264,420
264,421
264,422
264,423
264,424
264,425
264,426
265,402
265,403
265,404
265,405
265,406
265,407
265,408
265,409
265,410
265,411
265,412
265,413
265,414
265,415
265,416
265,417
265,418
265,419
265,420
265,421
265,422
265,423
265,424
265,425
265,426
266,402
266,403
266,404
266,405
266,406
266,407
266,408
266,409
266,410
266,411
266,412
266,413
266,414
266,415
266,416
266,418
266,419
266,420
266,421
266,422
266,423
266,424
266,425
267,401
267,402
267,403
267,404
267,405
267,406
267,407
267,408
267,409
267,410
267,411
267,412
267,413
267,414
267,415
267,416
267,417
267,418
267,419
267,420
267,421
267,422
267,423
267,424
268,402
268,403
268,404
268,405
268,406
268,407
268,408
268,409
268,410
268,411
268,412
268,413
268,414
268,415
268,416
268,417
268,418
268,419
268,420
268,421
268,422
268,423
269,401
269,402
269,403
269,404
269,405
269,406
269,407
269,408
269,409
269,410
269,411
269,412
269,413
269,414
269,415
269,416
269,417
269,418
269,419
269,420
269,421
269,422
269,423
270,400
270,401
270,402
270,403
270,404
270,405
270,406
270,407
270,408
270,409
270,410
270,411
270,412
270,413
270,414
270,415
270,416
270,417
270,418
270,419
270,420
270,421
270,422
270,423
271,401
271,402
271,403
271,404
271,405
271,406
271,407
271,408
271,409
271,410
271,411
271,412
271,413
271,414
271,415
271,416
271,417
271,419
271,420
271,421
271,422
271,423
272,401
272,402
272,403
272,404
272,405
272,406
272,407
272,408
272,409
272,410
272,411
272,412
272,413
272,414
272,415
272,416
272,417
272,418
272,419
272,420
272,421
272,422
272,423
273,401
273,402
273,403
273,404
273,405
273,406
273,407
273,408
273,409
273,410
273,411
273,412
273,413
273,414
273,415
273,416
273,417
273,418
273,419
273,420
273,421
274,401
274,402
274,403
274,404
274,405
274,406
274,407
274,408
274,409
274,410
274,411
274,412
274,413
274,414
274,415
274,416
274,417
274,418
275,397
275,398
275,399
275,400
275,401
275,402
275,403
275,404
275,405
275,406
275,407
275,408
275,409
275,410
275,411
275,412
275,413
275,414
275,415
275,416
275,417
275,418
276,374
276,375
276,376
276,397
276,398
276,399
276,400
276,401
276,402
276,403
276,404
276,405
276,406
276,407
276,408
276,409
276,410
276,412
276,413
276,414
276,415
276,416
276,417
276,418
277,374
277,375
277,376
277,397
277,398
277,399
277,400
277,401
277,402
277,403
277,404
277,405
277,406
277,407
277,408
277,409
277,410
277,411
277,412
277,413
277,414
277,415
278,374
278,375
278,397
278,398
278,399
278,400
278,401
278,402
278,403
278,404
278,405
278,406
278,407
278,408
278,409
278,410
278,411
278,412
278,413
278,414
279,373
279,374
279,375
279,384
279,385
279,397
279,398
279,399
279,400
279,401
279,402
279,403
279,404
279,405
279,406
279,407
279,408
279,409
279,410
279,411
279,412
279,413
279,414
280,373
280,374
280,375
280,384
280,385
280,386
280,397
280,398
280,399
280,400
280,401
280,402
280,403
280,404
280,405
280,406
280,407
280,408
280,409
280,410
280,411
280,412
280,413
280,414
280,415
281,374
281,375
281,376
281,384
281,385
281,386
281,389
281,390
281,392
281,394
281,395
281,396
281,397
281,398
281,399
281,400
281,401
281,402
281,403
281,404
281,405
281,406
281,407
281,408
281,409
281,410
281,411
281,412
281,413
281,414
281,415
282,373
282,374
282,375
282,376
282,384
282,385
282,386
282,387
282,389
282,390
282,391
282,392
282,393
282,394
282,395
282,396
282,397
282,398
282,399
282,400
282,401
282,402
282,405
282,406
282,407
282,408
282,409
282,410
282,411
282,412
282,413
282,414
282,415
283,371
283,372
283,373
283,374
283,376
283,377
283,384
283,385
283,386
283,387
283,389
283,390
283,391
283,392
283,393
283,394
283,395
283,396
283,397
283,398
283,399
283,400
283,401
283,402
283,403
283,404
283,405
283,406
283,407
283,408
283,409
283,410
283,411
283,412
283,413
283,414
283,415
284,372
284,373
284,374
284,377
284,378
284,379
284,380
284,385
284,386
284,387
284,388
284,389
284,390
284,391
284,392
284,393
284,394
284,395
284,396
284,397
284,398
284,399
284,400
284,401
284,402
284,403
284,404
284,405
284,406
284,407
284,408
284,409
284,410
284,411
284,412
284,413
284,414
285,372
285,373
285,374
285,375
285,376
285,377
285,378
285,379
285,384
285,385
285,386
285,387
285,388
285,389
285,390
285,391
285,392
285,393
285,394
285,395
285,396
285,397
285,398
285,399
285,400
285,401
285,402
285,403
285,404
285,405
285,406
285,407
285,408
285,409
285,410
285,411
285,412
285,413
285,414
286,373
286,374
286,375
286,376
286,377
286,378
286,379
286,380
286,381
286,382
286,383
286,384
286,385
286,386
286,387
286,388
286,389
286,390
286,391
286,392
286,393
286,394
286,395
286,396
286,397
286,398
286,399
286,400
286,401
286,403
286,404
286,405
286,406
286,407
286,408
286,409
286,410
286,411
286,412
286,413
287,373
287,374
287,375
287,376
287,377
287,378
287,379
287,380
287,381
287,382
287,383
287,384
287,385
287,386
287,387
287,388
287,389
287,390
287,391
287,392
287,393
287,394
287,395
287,396
287,397
287,398
287,399
287,400
287,401
287,402
287,403
287,404
287,405
287,406
287,407
287,408
287,409
287,410
287,412
288,373
288,374
288,375
288,376
288,377
288,378
288,379
288,380
288,381
288,382
288,383
288,384
288,385
288,386
288,387
288,388
288,389
288,390
288,391
288,392
288,393
288,394
288,395
288,396
288,397
288,398
288,399
288,400
288,401
288,402
288,403
288,404
288,405
288,406
288,407
288,408
288,409
288,410
289,373
289,374
289,375
289,376
289,377
289,378
289,379
289,380
289,381
289,382
289,383
289,384
289,385
289,386
289,387
289,388
289,389
289,390
289,391
289,392
289,393
289,394
289,395
289,396
289,397
289,398
289,399
289,400
289,401
289,402
289,403
289,404
289,405
289,406
289,407
289,408
289,410
290,371
290,372
290,373
290,374
290,375
290,376
290,377
290,378
290,379
290,380
290,381
290,382
290,383
290,384
290,385
290,386
290,387
290,388
290,389
290,390
290,391
290,392
290,393
290,394
290,395
290,396
290,397
290,398
290,399
290,400
290,401
290,402
290,403
290,404
290,405
290,406
290,407
290,408
290,414
290,415
290,416
291,371
291,372
291,373
291,374
291,375
291,376
291,377
291,378
291,379
291,380
291,381
291,382
291,383
291,384
291,385
291,386
291,387
291,388
291,389
291,390
291,391
291,392
291,393
291,394
291,395
291,396
291,397
291,398
291,399
291,400
291,401
291,402
291,403
291,404
291,405
291,406
291,407
291,408
291,409
291,412
291,413
291,414
291,415
291,416
291,417
292,369
292,370
292,371
292,372
292,373
292,374
292,375
292,376
292,377
292,378
292,379
292,380
292,381
292,382
292,383
292,384
292,385
292,386
292,387
292,388
292,389
292,390
292,391
292,392
292,393
292,394
292,395
292,396
292,397
292,398
292,399
292,400
292,401
292,402
292,403
292,404
292,405
292,406
292,407
292,408
292,409
292,410
292,411
292,412
292,413
292,414
292,415
292,416
293,369
293,370
293,371
293,372
293,373
293,374
293,375
293,376
293,377
293,378
293,379
293,380
293,381
293,382
293,383
293,384
293,385
293,386
293,387
293,388
293,389
293,390
293,391
293,392
293,393
293,394
293,395
293,396
293,397
293,398
293,399
293,400
293,401
293,402
293,403
293,404
293,405
293,406
293,407
293,408
293,409
293,410
293,411
293,412
293,413
293,414
294,369
294,370
294,371
294,372
294,373
294,374
294,375
294,376
294,377
294,378
294,379
294,380
294,381
294,382
294,383
294,384
294,385
294,386
294,387
294,388
294,389
294,390
294,391
294,392
294,393
294,394
294,395
294,396
294,397
294,398
294,399
294,400
294,401
294,402
294,403
294,404
294,405
294,406
294,407
294,408
294,409
294,410
294,411
294,412
294,413
295,370
295,371
295,372
295,373
295,374
295,375
295,376
295,377
295,378
295,379
295,380
295,381
295,382
295,383
295,384
295,385
295,387
295,388
295,389
295,390
295,391
295,392
295,393
295,394
295,395
295,396
295,397
295,398
295,399
295,400
295,401
295,402
295,403
295,404
295,405
295,406
295,407
295,408
295,409
295,410
295,411
295,412
296,370
296,371
296,372
296,373
296,374
296,375
296,376
296,377
296,378
296,379
296,380
296,381
296,382
296,383
296,384
296,385
296,386
296,387
296,388
296,389
296,390
296,391
296,392
296,393
296,394
296,395
296,396
296,397
296,398
296,399
296,400
296,401
296,402
296,403
296,404
296,405
296,406
296,407
297,371
297,372
297,373
297,374
297,375
297,376
297,377
297,378
297,379
297,380
297,381
297,382
297,383
297,384
297,385
297,386
297,387
297,388
297,389
297,390
297,393
297,394
297,395
297,396
297,397
297,398
297,399
297,400
297,401
297,402
297,403
297,404
297,405
297,406
297,407
298,369
298,370
298,371
298,372
298,373
298,374
298,375
298,376
298,377
298,378
298,379
298,380
298,381
298,382
298,383
298,384
298,385
298,386
298,387
298,388
298,389
298,390
298,392
298,393
298,394
298,395
298,396
298,397
298,398
298,399
298,400
298,401
298,402
298,403
298,404
298,405
298,406
298,407
299,368
299,369
299,370
299,371
299,372
299,373
299,374
299,375
299,376
299,377
299,378
299,379
299,380
299,381
299,382
299,383
299,384
299,385
299,386
299,387
299,388
299,389
299,390
299,391
299,392
299,393
299,394
299,395
299,396
299,397
299,398
299,399
299,400
299,401
299,402
299,403
299,404
299,405
300,367
300,368
300,369
300,370
300,371
300,372
300,373
300,374
300,375
300,376
300,377
300,378
300,379
300,380
300,381
300,382
300,383
300,384
300,385
300,386
300,387
300,388
300,389
300,390
300,391
300,392
300,393
300,394
300,395
300,396
300,397
300,398
300,399
300,403
300,404
300,405
300,406
301,366
301,367
301,368
301,369
301,370
301,371
301,372
301,373
301,374
301,375
301,376
301,377
301,378
301,379
301,380
301,381
301,382
301,383
301,384
301,385
301,386
301,387
301,388
301,389
301,390
301,391
301,392
301,393
301,394
301,395
301,396
301,397
301,403
302,367
302,368
302,369
302,370
302,371
302,372
302,373
302,374
302,375
302,376
302,377
302,378
302,379
302,380
302,381
302,382
302,383
302,384
302,385
302,386
302,387
302,388
302,389
302,390
302,391
302,392
302,393
302,394
302,395
302,396
302,397
303,368
303,369
303,370
303,371
303,372
303,373
303,374
303,375
303,376
303,377
303,378
303,379
303,380
303,381
303,382
303,383
303,384
303,385
303,386
303,387
303,388
303,389
303,390
303,391
303,392
303,393
303,394
303,395
303,396
303,397
304,369
304,370
304,371
304,372
304,373
304,374
304,375
304,376
304,377
304,378
304,379
304,380
304,381
304,382
304,383
304,384
304,385
304,386
304,387
304,396
305,370
305,372
305,373
305,374
305,375
305,376
305,377
305,378
305,379
305,380
305,381
305,382
305,383
305,384
305,386
305,387
305,388
306,370
306,371
306,372
306,373
306,374
306,375
306,376
306,377
306,378
306,379
306,380
306,381
306,382
306,383
307,369
307,370
307,371
307,372
307,373
307,374
307,375
307,376
307,377
307,378
307,379
307,380
307,381
307,382
308,369
308,370
308,371
308,372
308,373
308,374
308,375
308,376
308,377
308,378
308,379
308,380
308,381
308,382
308,383
309,369
309,370
309,371
309,372
309,373
309,374
309,375
309,376
309,377
309,378
309,379
309,380
309,381
309,382
310,367
310,368
310,369
310,370
310,371
310,372
310,373
310,374
310,375
310,376
310,377
310,378
310,379
310,380
311,367
311,368
311,369
311,370
311,371
311,372
311,373
311,374
311,375
311,376
311,377
311,378
311,379
312,366
312,367
312,368
312,369
312,370
312,371
312,372
312,373
312,375
312,376
313,364
313,365
313,367
313,368
313,369
313,370
313,371
313,372
314,363
314,364
314,365
314,367
314,368
314,369
314,370
314,371
314,372
315,363
315,364
315,365
315,366
315,367
315,368
315,369
315,370
315,371
315,372
316,365
316,366
316,367
316,368
316,369
316,370
316,371
316,372
317,365
317,366
317,367
317,368
317,369
317,370
317,371
317,372
318,363
318,364
318,365
318,366
318,367
318,368
318,369
318,370
318,371
319,366
319,367
319,369
320,364
320,365
320,366
320,367
321,364
321,365
321,366
321,367
321,378
321,379
322,364
322,365
322,366
322,367
322,376
322,377
322,378
322,379
323,364
323,365
323,366
323,367
323,376
323,377
323,378
324,365
324,366
324,367
324,368
324,369
324,370
324,371
324,372
324,373
324,374
324,376
324,377
324,378
324,379
324,380
325,364
325,365
325,366
325,367
325,368
325,369
325,370
325,371
325,372
325,373
325,376
325,377
325,378
325,379
325,380
325,381
325,382
326,364
326,365
326,366
326,367
326,368
326,369
326,370
326,371
326,372
326,373
326,374
326,375
326,376
326,377
326,378
326,379
327,361
327,362
327,363
327,364
327,365
327,366
327,367
327,368
327,369
327,370
327,371
327,372
327,373
327,374
327,375
327,376
327,377
327,378
327,379
328,361
328,362
328,363
328,364
328,365
328,366
328,367
328,368
328,369
328,370
328,371
328,372
328,373
328,374
328,375
328,376
328,377
328,378
329,361
329,362
329,363
329,364
329,365
329,366
329,367
329,368
329,369
329,370
329,371
329,374
329,375
329,376
329,377
329,378
330,361
330,362
330,363
330,364
330,365
330,366
330,367
330,368
330,369
330,370
330,371
330,373
330,374
330,375
330,376
331,362
331,368
331,369
331,370
331,371
331,372
331,373
332,369
