0,0
162,376
182,456
183,391
188,384
194,387
197,446
198,446
207,394
213,251
215,271
218,467
221,461
224,304
226,451
228,282
233,376
237,315
246,392
247,329
247,437
248,351
255,382
257,372
258,291
258,427
259,346
265,240
266,253
268,410
270,258
271,260
272,340
274,363
275,264
275,351
275,451
276,194
277,267
277,315
277,329
277,448
278,273
278,348
279,322
280,331
280,451
281,258
281,347
282,466
283,479
284,372
285,274
285,426
287,367
287,452
288,369
289,509
291,229
291,351
293,302
293,326
293,352
294,347
294,432
294,447
295,346
295,396
295,467
296,316
296,348
296,416
296,496
297,532
298,333
299,385
299,417
300,482
300,524
300,532
300,548
301,373
301,556
302,350
303,263
303,313
303,415
303,454
303,482
304,318
304,364
304,365
304,525
304,547
305,529
305,560
306,317
306,457
306,491
306,551
307,180
307,309
307,460
308,454
309,483
310,226
310,240
310,333
310,426
310,442
310,543
311,255
311,373
311,513
312,276
312,522
312,527
313,385
314,217
314,427
314,476
315,227
315,371
315,537
316,443
316,508
317,251
317,256
317,275
317,379
317,483
317,503
317,509
318,216
318,232
318,376
319,216
319,237
319,321
319,538
320,224
320,334
320,345
320,401
320,497
320,572
321,227
321,255
321,447
321,532
322,175
322,428
322,439
322,442
322,489
322,568
323,145
323,158
323,173
323,186
323,384
324,145
324,168
324,231
324,303
324,486
324,489
324,498
324,515
325,186
325,190
325,344
325,378
325,408
325,484
325,492
326,145
326,148
326,171
326,258
326,284
326,297
326,300
326,340
326,419
326,475
327,158
327,169
327,174
327,251
327,403
327,479
328,182
328,232
328,445
328,543
329,170
329,192
329,283
329,397
329,443
330,191
330,235
330,286
330,288
330,413
330,497
330,590
331,200
331,327
331,403
331,465
331,475
331,544
331,581
332,229
332,260
332,285
332,325
332,398
332,423
332,461
333,197
333,238
333,244
333,305
333,415
333,463
333,542
334,280
334,281
334,284
334,293
334,349
334,368
334,377
334,446
334,522
335,279
335,296
335,346
336,129
336,240
336,252
336,399
336,541
337,279
337,387
337,538
338,409
338,459
338,509
338,556
339,170
339,227
339,265
339,267
339,276
339,280
339,286
339,297
339,310
339,315
339,327
339,361
339,393
339,438
339,523
340,161
340,226
340,463
340,481
340,585
341,158
341,196
341,268
341,509
342,298
342,309
342,409
342,414
342,425
342,498
343,127
343,261
343,275
343,388
343,407
343,425
343,492
344,191
344,198
344,249
344,289
344,293
344,344
344,351
345,257
345,295
345,500
346,117
346,168
346,251
346,296
346,386
347,277
347,451
348,115
348,319
348,364
348,452
348,612
349,115
349,118
349,140
349,198
349,225
349,299
349,371
349,407
349,482
350,145
350,151
350,155
350,166
350,175
350,188
350,192
350,212
350,242
350,287
350,312
350,398
350,407
350,444
351,123
351,132
351,151
351,162
351,172
351,197
351,223
351,249
351,267
351,376
351,398
351,432
352,139
352,165
352,174
352,183
352,184
352,213
352,310
352,377
353,97
353,108
353,112
353,124
353,135
353,146
353,154
353,243
354,97
354,98
354,103
354,104
354,108
354,145
354,148
354,158
354,177
354,294
354,306
354,400
354,602
355,105
355,117
355,120
355,131
355,134
355,157
355,168
355,208
355,257
355,409
355,442
355,500
355,513
356,133
356,159
356,202
356,294
356,313
356,317
356,318
356,489
357,108
357,200
357,303
357,397
358,115
358,116
358,118
358,122
358,136
358,138
358,140
358,159
358,225
358,388
358,396
358,425
359,110
359,117
359,136
359,166
359,176
359,220
359,392
359,446
360,107
360,109
360,119
360,125
360,128
360,132
360,316
361,114
361,119
361,187
362,104
362,121
362,279
362,283
362,394
363,94
363,103
363,124
363,132
363,139
363,157
363,249
364,96
364,98
364,116
364,123
364,127
364,149
364,180
364,379
364,474
365,128
365,133
365,295
365,372
365,394
365,445
365,449
365,454
365,478
366,89
366,120
366,128
366,130
366,141
366,173
366,353
366,390
366,455
366,461
366,468
367,106
367,124
367,176
367,320
367,388
367,445
367,448
367,452
367,456
368,253
369,92
369,103
369,244
369,325
369,519
370,96
370,100
370,346
370,363
370,460
370,465
371,466
372,102
373,78
373,90
373,476
373,503
374,347
374,357
374,362
374,443
374,447
374,495
374,518
375,255
375,356
375,397
375,440
375,483
376,363
376,453
377,245
377,262
377,305
377,317
377,467
377,468
377,511
378,362
378,463
378,496
379,216
379,485
379,506
379,527
380,333
380,411
380,525
381,330
381,352
381,407
381,534
382,253
382,262
383,347
383,370
383,405
383,469
384,259
384,370
386,415
386,467
386,504
387,288
387,470
388,253
388,414
388,466
389,314
390,402
391,170
391,306
392,334
392,357
392,416
392,447
392,458
392,479
392,509
393,296
393,385
393,467
394,394
394,542
395,350
396,360
397,259
398,196
398,233
398,334
398,493
399,329
399,412
400,210
400,490
401,197
401,229
402,217
402,224
402,275
402,362
403,328
404,158
404,193
404,407
405,313
405,507
405,543
406,441
407,324
407,566
408,286
408,481
409,316
409,361
410,420
411,184
411,315
411,423
411,452
411,493
412,326
412,437
412,444
412,445
413,358
413,439
413,527
415,511
416,226
417,453
417,510
418,212
418,435
419,289
420,189
421,329
422,350
422,406
423,330
423,439
424,323
425,332
426,320
426,419
427,282
427,358
427,541
429,447
429,508
429,520
430,474
430,519
431,269
432,417
433,452
435,282
435,296
435,517
436,456
437,286
437,333
437,484
438,257
438,363
440,454
441,489
442,460
442,524
443,297
443,485
444,310
445,539
447,377
447,484
448,479
448,488
450,320
450,505
450,541
452,353
454,310
455,491
455,494
455,506
456,306
457,309
457,496
458,300
458,487
458,508
459,508
460,503
461,497
461,506
462,512
462,513
463,278
463,293
465,325
467,297
469,313
470,509
470,518
471,310
471,390
472,307
472,398
472,492
474,501
475,517
477,315
478,316
479,318
479,500
480,493
481,287
481,300
481,309
481,315
482,282
482,391
485,313
486,366
486,439
487,214
489,260
489,313
490,309
490,310
490,311
490,391
491,308
491,310
492,303
494,313
495,299
495,305
495,316
496,293
496,304
496,313
498,285
498,298
499,311
500,294
500,301
501,499
502,298
503,308
504,302
504,310
505,305
506,294
506,305
507,300
507,301
508,304
509,308
510,306
510,308
510,316
511,291
511,299
512,298
514,285
515,278
515,281
515,282
515,283
515,303
515,341
516,276
516,281
517,280
517,284
517,300
518,268
518,269
518,270
518,271
518,279
518,280
518,282
518,283
518,284
518,295
519,269
519,271
519,276
519,288
520,261
520,264
520,271
520,279
520,280
520,284
520,294
520,307
520,312
521,280
522,265
522,269
522,273
522,275
522,282
523,271
523,280
523,295
523,299
523,311
524,263
524,277
524,312
525,262
525,263
525,282
525,284
525,290
526,279
527,275
527,282
527,298
527,316
528,267
528,277
528,281
529,274
529,281
529,301
530,295
532,317
533,284
533,303
541,304
541,305
542,304
542,305
543,302
543,303
543,304
543,305
543,306
543,307
544,305
544,306
