0,0
526,497
526,498
527,497
527,498
527,499
527,500
528,497
528,498
528,499
528,500
529,497
529,498
529,499
530,496
530,497
530,498
531,495
531,496
531,497
531,498
531,499
532,494
532,495
532,496
532,497
532,498
532,499
533,494
533,495
533,496
533,497
533,499
534,491
534,492
534,493
534,494
534,495
534,496
534,497
534,498
535,491
535,492
535,493
535,494
535,495
535,496
535,497
535,498
536,490
536,491
536,492
536,493
536,494
536,495
536,496
536,497
536,498
537,490
537,491
537,492
537,493
537,494
537,495
537,496
537,497
537,498
537,499
538,488
538,489
538,490
538,491
538,492
538,493
538,494
538,495
538,496
538,497
538,498
538,499
539,488
539,489
539,490
539,491
539,492
539,493
539,494
539,495
539,496
539,497
539,498
539,499
540,488
540,489
540,490
540,491
540,492
540,493
540,494
540,495
540,496
540,497
540,498
540,499
540,500
541,487
541,488
541,489
541,490
541,491
541,492
541,493
541,494
541,495
541,496
541,497
541,498
541,499
541,500
541,501
542,486
542,487
542,488
542,489
542,490
542,491
542,492
542,493
542,494
542,495
542,496
542,497
542,498
542,499
542,500
542,501
543,486
543,487
543,488
543,489
543,490
543,491
543,492
543,493
543,494
543,495
543,496
543,497
543,498
543,499
543,500
543,501
544,486
544,487
544,488
544,489
544,490
544,491
544,492
544,493
544,494
544,495
544,496
544,497
544,498
544,499
544,500
544,501
545,486
545,487
545,488
545,489
545,490
545,491
545,492
545,493
545,494
545,495
545,496
545,497
545,498
545,499
545,500
545,501
546,487
546,488
546,489
546,490
546,491
546,492
546,493
546,494
546,495
546,496
546,497
546,498
546,499
546,500
546,501
547,486
547,487
547,488
547,489
547,490
547,491
547,493
547,494
547,495
547,496
547,497
547,498
547,499
547,500
547,501
547,502
548,485
548,486
548,487
548,488
548,489
548,490
548,491
548,494
548,495
548,496
548,497
548,498
548,499
548,500
548,501
548,502
549,484
549,485
549,486
549,487
549,488
549,489
549,490
549,493
549,494
549,495
549,496
549,497
549,498
549,499
549,500
549,501
549,502
549,503
550,484
550,485
550,486
550,487
550,488
550,489
550,490
550,491
550,492
550,493
550,494
550,495
550,496
550,497
550,498
550,499
550,500
550,501
550,502
550,503
550,504
551,486
551,487
551,488
551,489
551,490
551,491
551,492
551,493
551,494
551,495
551,496
551,497
551,498
551,499
551,500
551,501
551,502
551,503
552,487
552,488
552,489
552,490
552,491
552,492
552,493
552,494
552,495
552,496
552,497
552,498
552,499
552,500
552,501
552,502
552,503
553,487
553,488
553,489
553,490
553,491
553,492
553,493
553,494
553,495
553,496
553,497
553,498
553,499
553,500
553,501
553,502
553,503
553,504
554,487
554,488
554,489
554,490
554,491
554,492
554,493
554,494
554,495
554,496
554,497
554,498
554,499
554,500
554,501
554,502
554,503
554,504
555,487
555,488
555,489
555,490
555,491
555,492
555,493
555,494
555,495
555,496
555,497
555,498
555,499
555,500
555,501
555,502
555,503
555,504
556,487
556,488
556,489
556,490
556,491
556,492
556,493
556,494
556,495
556,496
556,497
556,498
556,499
556,500
556,501
556,502
556,503
556,504
557,487
557,488
557,489
557,490
557,491
557,492
557,493
557,494
557,495
557,496
557,497
557,498
557,499
557,500
557,501
557,502
557,503
557,504
558,487
558,488
558,489
558,490
558,491
558,492
558,493
558,494
558,495
558,496
558,497
558,498
558,499
558,500
558,501
558,502
559,486
559,487
559,488
559,489
559,490
559,491
559,492
559,493
559,494
559,495
559,496
559,497
559,498
559,499
559,500
559,501
559,502
560,485
560,486
560,487
560,488
560,489
560,490
560,491
560,492
560,493
560,494
560,495
560,496
560,497
560,498
560,499
561,485
561,486
561,487
561,488
561,489
561,490
561,491
561,492
561,493
561,494
561,495
561,496
561,497
561,498
562,481
562,482
562,483
562,484
562,485
562,486
562,487
562,488
562,489
562,490
562,491
562,492
562,493
562,494
562,495
562,496
562,497
562,498
563,478
563,481
563,482
563,483
563,484
563,485
563,486
563,487
563,488
563,489
563,490
563,491
563,492
563,493
563,494
563,495
563,496
563,497
563,498
563,499
563,500
564,478
564,479
564,480
564,481
564,482
564,483
564,484
564,485
564,486
564,487
564,488
564,489
564,490
564,491
564,492
564,493
564,494
564,495
564,496
564,497
564,498
564,499
565,477
565,478
565,479
565,480
565,481
565,482
565,483
565,484
565,485
565,486
565,487
565,488
565,489
565,490
565,491
565,492
565,493
565,494
565,495
565,496
565,497
565,498
566,476
566,477
566,478
566,479
566,480
566,481
566,482
566,483
566,484
566,485
566,486
566,487
566,488
566,489
566,490
566,491
566,492
566,493
566,494
566,495
566,496
566,497
567,475
567,476
567,477
567,478
567,479
567,480
567,481
567,482
567,483
567,484
567,485
567,486
567,487
567,488
567,489
567,490
567,491
567,492
567,493
567,494
567,495
567,497
568,475
568,476
568,477
568,478
568,479
568,480
568,481
568,482
568,483
568,484
568,485
568,486
568,487
568,488
568,489
568,490
568,491
568,492
568,493
568,494
568,495
569,476
569,477
569,478
569,479
569,480
569,481
569,482
569,483
569,484
569,485
569,486
569,487
569,488
569,489
569,490
569,491
569,492
569,493
569,495
570,476
570,477
570,478
570,479
570,480
570,481
570,482
570,483
570,484
570,485
570,486
570,487
570,488
570,489
570,490
570,491
570,492
570,495
570,496
571,477
571,478
571,479
571,480
571,481
571,482
571,483
571,484
571,485
571,486
571,488
571,489
571,490
571,491
571,492
571,493
571,495
572,476
572,477
572,478
572,479
572,480
572,481
572,482
572,483
572,484
572,485
572,486
572,487
572,488
572,489
572,490
572,491
572,492
572,493
572,495
573,475
573,476
573,477
573,478
573,479
573,480
573,481
573,482
573,483
573,484
573,485
573,486
573,487
573,488
573,489
573,490
573,491
573,492
573,493
574,476
574,477
574,478
574,479
574,480
574,481
574,482
574,483
574,484
574,485
574,486
574,487
574,488
574,489
574,490
574,491
574,492
574,493
574,494
574,495
575,476
575,477
575,478
575,479
575,480
575,481
575,482
575,483
575,484
575,485
575,486
575,487
575,488
575,489
575,490
575,491
575,492
575,493
576,476
576,477
576,478
576,479
576,480
576,481
576,482
576,483
576,484
576,485
576,486
576,487
576,488
576,489
576,490
576,492
576,493
577,477
577,478
577,479
577,480
577,481
577,482
577,483
577,484
577,485
577,486
577,487
577,488
577,489
577,490
577,491
577,492
577,493
577,494
578,477
578,478
578,479
578,480
578,481
578,482
578,483
578,484
578,485
578,486
578,487
578,488
578,489
578,490
578,491
578,492
578,493
578,494
578,495
579,477
579,478
579,479
579,480
579,481
579,482
579,483
579,484
579,485
579,486
579,487
579,488
579,489
579,490
579,491
579,492
579,493
579,495
580,478
580,479
580,480
580,481
580,482
580,483
580,484
580,485
580,486
580,487
580,488
580,489
580,490
580,491
580,492
580,493
580,495
581,476
581,477
581,478
581,479
581,480
581,481
581,482
581,483
581,484
581,485
581,486
581,487
581,488
581,489
581,490
581,491
581,492
581,493
581,494
581,495
581,498
582,476
582,477
582,478
582,479
582,480
582,481
582,482
582,483
582,484
582,485
582,486
582,487
582,488
582,489
582,490
582,491
582,492
582,493
582,494
582,495
582,496
582,497
582,498
583,475
583,476
583,477
583,478
583,479
583,480
583,481
583,482
583,483
583,484
583,485
583,486
583,487
583,488
583,489
583,490
583,491
583,492
583,495
583,496
583,497
583,498
584,474
584,475
584,476
584,477
584,478
584,479
584,480
584,481
584,482
584,483
584,484
584,485
584,486
584,487
584,488
584,489
584,490
584,491
584,492
584,495
584,496
584,497
584,498
585,473
585,474
585,475
585,476
585,477
585,478
585,479
585,480
585,481
585,483
585,484
585,485
585,486
585,487
585,488
585,489
585,490
585,491
585,492
586,472
586,473
586,474
586,475
586,476
586,477
586,478
586,479
586,480
586,481
586,483
586,484
586,485
586,486
586,487
586,488
586,489
586,490
586,491
587,469
587,470
587,472
587,473
587,474
587,475
587,476
587,477
587,478
587,479
587,480
587,481
587,482
587,483
587,484
587,485
587,486
587,487
587,488
587,489
587,490
588,470
588,471
588,472
588,473
588,474
588,475
588,476
588,477
588,478
588,479
588,480
588,481
588,482
588,483
588,484
588,485
588,486
588,487
588,488
588,489
589,470
589,471
589,472
589,473
589,474
589,475
589,476
589,477
589,478
589,479
589,480
589,481
589,482
589,483
589,484
589,485
589,486
589,487
589,488
589,489
590,469
590,470
590,471
590,472
590,473
590,474
590,475
590,476
590,477
590,478
590,479
590,480
590,481
590,482
590,483
590,484
590,485
590,486
590,487
590,488
590,489
591,469
591,470
591,471
591,472
591,473
591,474
591,475
591,476
591,477
591,478
591,479
591,480
591,481
591,482
591,483
591,484
591,485
591,486
591,487
591,488
592,470
592,471
592,472
592,473
592,474
592,475
592,476
592,477
592,478
592,479
592,480
592,481
592,482
592,483
592,484
592,485
592,486
592,487
593,472
593,473
593,474
593,475
593,476
593,477
593,478
593,479
593,480
593,481
593,482
593,483
593,484
593,485
593,486
593,487
593,488
594,472
594,473
594,474
594,475
594,476
594,477
594,478
594,479
594,480
594,481
594,482
594,483
594,484
594,485
594,486
594,487
594,488
594,489
594,490
594,491
595,472
595,473
595,475
595,476
595,477
595,478
595,479
595,480
595,481
595,482
595,483
595,484
595,485
595,486
595,487
595,488
595,489
595,490
595,491
596,472
596,473
596,474
596,475
596,476
596,477
596,478
596,479
596,480
596,481
596,482
596,483
596,484
596,485
596,486
596,487
596,488
596,489
596,490
596,491
597,473
597,474
597,475
597,476
597,477
597,478
597,479
597,480
597,481
597,482
597,483
597,484
597,485
597,486
597,487
597,488
597,489
597,490
598,473
598,474
598,475
598,476
598,477
598,478
598,479
598,480
598,481
598,482
598,483
598,484
598,485
598,486
598,487
598,488
598,489
598,490
599,471
599,472
599,473
599,474
599,475
599,476
599,477
599,478
599,479
599,480
599,481
599,482
599,483
599,484
599,485
599,486
599,487
599,488
599,489
599,490
599,491
599,492
600,472
600,473
600,474
600,475
600,476
600,477
600,478
600,479
600,480
600,481
600,482
600,483
600,484
600,485
600,486
600,487
600,488
600,489
600,490
600,491
600,492
600,493
601,469
601,470
601,471
601,472
601,473
601,474
601,475
601,476
601,477
601,478
601,479
601,480
601,481
601,482
601,483
601,484
601,485
601,486
601,487
601,488
601,489
601,490
601,491
601,492
601,493
602,467
602,468
602,469
602,470
602,471
602,472
602,473
602,474
602,475
602,476
602,477
602,478
602,479
602,480
602,481
602,482
602,483
602,484
602,485
602,486
602,487
602,488
602,489
602,490
602,491
602,492
602,493
603,468
603,469
603,470
603,471
603,472
603,473
603,474
603,475
603,476
603,477
603,478
603,479
603,480
603,481
603,482
603,483
603,484
603,485
603,486
603,487
603,488
603,489
603,490
603,491
603,492
603,493
603,494
604,469
604,470
604,471
604,472
604,473
604,474
604,475
604,476
604,477
604,478
604,479
604,480
604,481
604,482
604,484
604,485
604,486
604,487
604,488
604,489
604,490
604,491
605,469
605,470
605,471
605,472
605,473
605,474
605,475
605,476
605,477
605,478
605,479
605,480
605,481
605,482
605,484
605,485
605,486
605,487
605,488
605,489
605,490
605,491
606,470
606,471
606,472
606,473
606,474
606,475
606,476
606,477
606,478
606,479
606,480
606,481
606,484
606,485
606,486
606,487
606,488
606,489
606,490
606,491
607,468
607,469
607,470
607,471
607,472
607,473
607,474
607,475
607,476
607,477
607,478
607,479
607,484
607,485
607,486
607,487
607,488
607,489
607,490
607,491
608,467
608,468
608,469
608,470
608,471
608,472
608,473
608,474
608,475
608,476
608,477
608,478
608,479
608,480
608,483
608,484
608,485
608,486
608,487
608,488
608,489
608,490
608,491
608,492
608,493
608,494
609,468
609,470
609,471
609,472
609,473
609,474
609,475
609,476
609,477
609,478
609,479
609,480
609,485
609,486
609,487
609,488
609,489
609,490
609,491
609,492
609,493
609,494
610,468
610,469
610,470
610,471
610,472
610,473
610,474
610,475
610,476
610,477
610,478
610,485
610,486
610,487
610,488
610,489
610,490
610,491
610,492
610,493
610,494
610,495
611,467
611,468
611,469
611,470
611,471
611,472
611,473
611,474
611,475
611,487
611,488
611,489
611,490
611,491
611,492
611,493
611,494
611,495
611,496
612,468
612,469
612,470
612,471
612,472
612,473
612,474
612,475
612,492
612,493
612,494
612,495
612,496
612,497
613,466
613,467
613,468
613,469
613,470
613,471
613,472
613,473
613,474
613,475
613,493
613,494
613,495
613,496
614,465
614,466
614,467
614,468
614,469
614,470
614,471
614,472
614,473
614,474
614,475
614,492
614,493
614,494
614,495
615,465
615,466
615,467
615,468
615,469
615,470
615,471
615,472
615,473
615,474
615,475
615,494
615,495
616,454
616,455
616,456
616,457
616,458
616,459
616,463
616,464
616,465
616,466
616,467
616,468
616,469
616,470
616,471
616,472
616,473
617,454
617,455
617,456
617,457
617,458
617,459
617,460
617,461
617,462
617,463
617,464
617,465
617,466
617,467
617,468
617,469
617,470
617,471
618,455
618,456
618,457
618,458
618,459
618,460
618,461
618,462
618,463
618,464
618,467
618,468
618,469
619,454
619,455
619,456
619,457
619,458
619,459
619,460
619,461
619,462
619,463
619,467
620,454
620,455
620,456
620,457
620,458
620,459
620,460
620,461
620,462
620,463
620,464
620,465
621,452
621,453
621,454
621,455
621,456
621,457
621,458
621,459
621,460
621,461
621,462
621,463
621,464
621,465
621,466
622,453
622,454
622,455
622,456
622,457
622,458
622,459
622,460
622,461
622,462
622,463
622,464
622,465
623,453
623,454
623,455
623,456
623,457
623,458
623,459
623,460
623,461
623,462
623,463
623,464
623,465
624,451
624,452
624,453
624,454
624,455
624,456
624,457
624,458
624,459
624,460
624,461
624,462
624,463
624,464
625,450
625,451
625,452
625,453
625,454
625,455
625,456
625,459
625,460
625,461
625,462
625,463
626,450
626,451
626,452
626,453
626,454
626,455
626,456
626,459
626,460
626,461
626,462
626,463
626,464
627,451
627,452
627,453
627,454
627,455
627,456
627,459
627,460
627,461
627,462
627,463
627,464
628,451
628,452
628,453
628,454
628,455
628,456
628,457
628,458
628,459
628,460
628,461
628,462
628,463
628,464
629,450
629,451
629,452
629,453
629,454
629,455
629,456
629,457
629,458
629,459
629,460
629,461
629,462
629,463
629,464
630,450
630,451
630,452
630,453
630,454
630,455
630,456
630,457
630,458
630,459
630,460
630,461
630,462
630,463
630,464
631,450
631,451
631,452
631,453
631,454
631,455
631,456
631,457
631,458
631,459
631,460
631,461
631,462
631,463
632,449
632,450
632,451
632,452
632,453
632,454
632,455
632,456
632,457
632,458
632,459
632,460
632,461
632,462
632,463
633,448
633,449
633,450
633,451
633,452
633,453
633,454
633,455
633,456
633,457
633,458
633,459
633,460
633,461
633,462
633,463
634,448
634,449
634,450
634,451
634,452
634,453
634,454
634,455
634,456
634,457
634,458
634,459
634,460
634,461
634,462
634,463
634,464
635,448
635,449
635,450
635,451
635,452
635,453
635,454
635,455
635,456
635,457
635,458
635,459
635,460
635,461
635,462
635,463
635,464
636,448
636,449
636,450
636,451
636,452
636,453
636,454
636,455
636,456
636,457
636,458
636,459
636,460
636,461
636,462
636,463
636,464
637,449
637,450
637,451
637,452
637,453
637,454
637,455
637,456
637,457
637,458
637,459
637,460
637,461
637,462
637,463
637,464
638,450
638,451
638,452
638,453
638,454
638,455
638,456
638,457
638,458
638,459
638,460
638,461
638,462
638,463
638,464
638,465
639,449
639,450
639,451
639,452
639,453
639,454
639,455
639,456
639,460
639,463
639,464
639,465
640,449
640,450
640,451
640,452
640,453
640,454
640,455
640,456
640,461
640,462
640,463
640,464
640,465
641,450
641,451
641,452
641,453
641,454
641,455
641,456
641,463
642,447
642,448
642,449
642,450
642,451
642,452
642,453
642,454
642,455
642,456
642,463
643,446
643,447
643,448
643,449
643,450
643,451
643,452
643,453
643,454
643,455
644,446
644,447
644,448
644,449
644,450
644,451
644,452
644,453
644,454
645,448
645,449
645,450
645,451
645,452
645,453
646,448
646,449
646,450
646,451
646,452
647,448
647,449
647,450
647,451
647,452
648,448
648,449
648,450
648,451
648,452
649,448
